  -0.023078   -0.006347    0.003899   -0.004398   -0.004729    0.014261   -0.006496   -0.004784   -0.005075    0.003059    0.000198    0.006935   -0.007449   -0.012091   -0.000017   -0.001393   -0.007520    0.010610   -0.001674    0.010626   -0.004525    0.014629   -0.013008    0.017021   -0.011704 
  -0.005505    0.004079   -0.004727    0.001487   -0.015777    0.009147    0.006557   -0.018683    0.007621   -0.014388    0.014100    0.008809   -0.008925   -0.021121   -0.014292   -0.003314    0.001200    0.013395    0.006017   -0.001600    0.021543    0.009687    0.007483    0.003797    0.014820 
  -0.006702   -0.001683   -0.004949    0.001561   -0.015287    0.021153   -0.007859   -0.005655   -0.020429    0.016900   -0.007666   -0.002983    0.001496   -0.003809   -0.010415   -0.001571   -0.001507    0.005108   -0.003781    0.007878    0.000744   -0.003080   -0.001320    0.004035    0.001951 
   0.003764    0.003019    0.000610   -0.011278   -0.019371   -0.005700    0.007489    0.017183   -0.016566   -0.003472    0.002975   -0.003077   -0.003522    0.014042    0.009061   -0.007402    0.005856   -0.017696    0.012468    0.001812   -0.000678   -0.000767    0.009219   -0.006104   -0.007651 
  -0.009509    0.008152   -0.006086    0.007421   -0.016053    0.015291    0.012683   -0.015180   -0.004636   -0.003467    0.000659    0.002901    0.015814   -0.003524    0.004340   -0.005800   -0.007492   -0.013153    0.000888   -0.003041    0.003494    0.006431    0.007871   -0.007676    0.002377 
   0.008906    0.002144    0.009056    0.007911    0.017323   -0.008497    0.000604    0.016172    0.008682    0.016215    0.009486   -0.004114    0.010040    0.013035   -0.018635   -0.005698    0.004387    0.007237   -0.008994   -0.008020    0.012603   -0.005771    0.006417   -0.000751    0.002535 
  -0.014174   -0.016329    0.009995    0.003242    0.007232    0.002623   -0.022505   -0.009395    0.007165   -0.008884   -0.013129   -0.009568   -0.012917   -0.007242   -0.002935   -0.018143    0.020718   -0.003253   -0.007059    0.000733    0.022264    0.005401    0.015266    0.010109   -0.000488 
  -0.002078   -0.005880    0.000190   -0.001895    0.005744    0.003387    0.006474    0.001920   -0.010509    0.010234   -0.014551   -0.015482    0.001947    0.002730   -0.003927    0.002513   -0.004221    0.003006    0.003379   -0.001515    0.021809   -0.006819    0.021281    0.004949   -0.008428 
  -0.008250    0.002592    0.026666   -0.010391   -0.014239   -0.009282    0.003337    0.001824   -0.007610    0.019895   -0.007108   -0.012148    0.007766    0.003413    0.003352   -0.004346    0.013791   -0.004827    0.008171   -0.004398    0.005528    0.010702    0.015438   -0.000012   -0.000997 
   0.003526    0.004674    0.003563   -0.007585    0.010353    0.005646   -0.006117    0.001382   -0.008852   -0.000539    0.001840    0.013533   -0.017170    0.002501    0.002940    0.007630    0.002521    0.007844    0.001979   -0.009181    0.015402    0.012431    0.005194    0.002607   -0.000505 
   0.006543    0.013013    0.002079    0.005093    0.007508    0.000833   -0.006521   -0.006831   -0.002999   -0.011300   -0.005046   -0.002640   -0.009737   -0.002021   -0.007229   -0.002322   -0.009852    0.021191   -0.017954   -0.007570   -0.012274   -0.007001   -0.011286   -0.006108    0.006208 
   0.000394    0.009994   -0.006151    0.009791    0.014065   -0.006849    0.011469    0.016623    0.005775    0.003389    0.003244    0.003853   -0.000786    0.009457   -0.001731    0.001423    0.003364   -0.007965   -0.010492    0.005205   -0.015756   -0.012450    0.002387    0.000509   -0.011606 
  -0.006149    0.006323    0.000731   -0.013652   -0.006465   -0.004769   -0.006177    0.007119    0.009708   -0.003269   -0.000529    0.012160    0.007638    0.012306    0.006582   -0.003412    0.005081   -0.008096    0.008814   -0.007632    0.013203   -0.006489    0.009311   -0.006687   -0.014436 
   0.003382    0.002610    0.008800    0.030205    0.005286   -0.009992   -0.008040   -0.000730    0.008855    0.007539    0.012748   -0.016232    0.002579   -0.000282   -0.002347    0.003746   -0.000964    0.020689   -0.017227   -0.003282    0.012029    0.004058    0.013669    0.006175   -0.011185 
   0.008406    0.006796    0.004058    0.005588    0.001546   -0.013806   -0.006080   -0.011358    0.000109   -0.001028   -0.004177   -0.001022   -0.010520   -0.003908   -0.007798    0.001529    0.001844   -0.002154   -0.010322   -0.004879   -0.006803   -0.010658   -0.002490    0.008663    0.013455 
  -0.001441    0.001848    0.000557   -0.002582    0.006980   -0.008101   -0.007013   -0.003190    0.001070    0.001859    0.013564   -0.002718   -0.001130    0.002194   -0.000339   -0.036556    0.021427    0.007940    0.000485    0.009697   -0.003707    0.001052   -0.000277    0.009885   -0.000079 
   0.001523   -0.004977    0.003380   -0.008786    0.001832   -0.001927   -0.003578    0.006257    0.006925    0.012513    0.000688    0.000826    0.001729    0.010257   -0.001651   -0.004108   -0.003312    0.001252    0.005648    0.007626   -0.014200   -0.002256    0.003204    0.000743   -0.004196 
   0.002206   -0.005611   -0.001469   -0.012809    0.005774    0.004348   -0.001597    0.015815    0.003709   -0.009939    0.004385    0.015493   -0.003419    0.008169    0.006113    0.019124    0.002754    0.001059    0.004581    0.005131    0.014420   -0.005052    0.003162   -0.004895    0.010699 
  -0.003880   -0.020013   -0.013603    0.000275    0.009665    0.019703   -0.001940    0.006739    0.005324   -0.002525   -0.019905    0.001880    0.001342   -0.002422    0.012719    0.000299    0.007470    0.013225   -0.005667   -0.011504    0.017653    0.004955    0.003818   -0.003623   -0.004951 
  -0.016991   -0.010701    0.013739   -0.022124   -0.013044   -0.006110   -0.002113    0.005825   -0.025186   -0.000629    0.007885    0.013427    0.003557    0.000216   -0.005429   -0.010791    0.001942   -0.003616    0.023143    0.014436    0.013079    0.006997    0.014169   -0.007624    0.003105 
   0.011588   -0.048067   -0.059552   -0.059729   -0.067568    0.087026   -0.031076   -0.065293    0.111542    0.037652   -0.067960    0.057160    0.109447   -0.085658    0.041374    0.049624   -0.092288    0.012013    0.048994    0.019554   -0.020045    0.773593   -0.040596    0.010123    0.004966 
   0.003396   -0.042017   -0.055201   -0.069591   -0.069136    0.091158   -0.013304   -0.064905    0.090930    0.030515   -0.095890    0.075500    0.108687   -0.085119    0.045465    0.049112   -0.089255   -0.017994    0.054182    0.021758   -0.019908    0.769897   -0.031197   -0.010547   -0.008164 
   0.019144   -0.034516   -0.054338   -0.027446   -0.058074    0.082664   -0.001488   -0.066924    0.081360    0.045677   -0.070316    0.056329    0.102384   -0.081853    0.027687    0.058899   -0.096655    0.000150    0.013159    0.014101   -0.045576    0.737999   -0.044829    0.000231    0.010774 
  -0.007580   -0.042695   -0.073770   -0.046544   -0.064914    0.083924   -0.018566   -0.057159    0.085449    0.045962   -0.076908    0.066729    0.105150   -0.085709    0.015515    0.060048   -0.092343    0.003648    0.030479    0.033947   -0.026815    0.759437   -0.020564   -0.000212   -0.008362 
   0.004788   -0.040997   -0.068363   -0.057598   -0.067252    0.084066    0.003912   -0.067977    0.075697    0.030531   -0.073890    0.062972    0.119751   -0.101311    0.022681    0.064902   -0.093104    0.005965    0.039901    0.014990   -0.019747    0.754266   -0.037151   -0.014523   -0.005700 
  -0.000685   -0.001340    0.003060    0.018037    0.006718   -0.005062    0.003351    0.009956   -0.010105    0.000346   -0.011485   -0.011862   -0.009627    0.014274   -0.003548   -0.009697   -0.008445   -0.008488   -0.005686   -0.008419   -0.037693   -0.015078   -0.002976    0.006908   -0.000091 
  -0.004992   -0.002205   -0.002853    0.004899   -0.018466   -0.003249   -0.009526   -0.004688   -0.017678    0.009680    0.011910   -0.006641    0.003823   -0.004991    0.014479   -0.014798    0.014452   -0.004663    0.002071    0.004296    0.006138   -0.009681    0.008281    0.000155    0.006433 
  -0.005061    0.005888   -0.004225    0.002453    0.011246    0.008605    0.002400    0.000547   -0.007961   -0.014260   -0.007834    0.003576    0.003386    0.013926    0.009208    0.012882   -0.004729   -0.017666    0.007043   -0.001148    0.000910   -0.019917    0.001208   -0.005669    0.002730 
   0.007282    0.005020    0.014515    0.004159   -0.002588   -0.015102    0.004161   -0.015378   -0.009675    0.016454    0.004094   -0.010543    0.010147    0.008477   -0.021074   -0.004460   -0.018882    0.002002    0.004635   -0.012560   -0.013618   -0.011299   -0.014629    0.010921    0.009890 
  -0.005790    0.004205    0.006842   -0.001026    0.004629   -0.008118   -0.015431    0.006857   -0.008693   -0.021207   -0.006639    0.012769   -0.002843   -0.002224   -0.010784   -0.014772    0.022141    0.007362    0.006996   -0.007232    0.003673    0.002354    0.004791   -0.008455   -0.015265 
  -0.004266   -0.002007   -0.014641    0.012395    0.015387    0.007956   -0.006789    0.002735    0.007550   -0.017587   -0.004020   -0.014748   -0.006192   -0.016323    0.008668    0.028290   -0.014602    0.017065   -0.013990   -0.008435    0.003053    0.012262   -0.008799   -0.001763    0.002876 
  -0.006122    0.001556   -0.002966   -0.005121   -0.008494   -0.004882    0.002943    0.000938    0.008195    0.007012   -0.008257    0.013151   -0.014235    0.012124    0.006498   -0.004251   -0.006282    0.006259    0.002449   -0.013607   -0.013029   -0.008096    0.002135    0.007337    0.000171 
   0.011550    0.011696   -0.002322   -0.013001   -0.009791    0.000125    0.006831    0.002684   -0.008433    0.014061    0.008522   -0.000578   -0.004933   -0.009522    0.002628    0.000852    0.000418   -0.002618    0.015643    0.004427   -0.009452    0.006577   -0.017173    0.009857   -0.000375 
  -0.009880    0.008552    0.008702   -0.003234   -0.011307   -0.019525   -0.011809    0.002936    0.006367    0.002825   -0.003159    0.008811    0.008054    0.012706   -0.010382   -0.015949    0.012451    0.012116   -0.003672   -0.003042   -0.012394   -0.000331    0.014670   -0.007609    0.010521 
  -0.001233   -0.003369    0.002642   -0.016316    0.004540   -0.008523    0.001967   -0.008379   -0.000482   -0.004916    0.006574    0.008589   -0.007563   -0.015312    0.003119   -0.001610    0.011399    0.004715   -0.000896    0.006630   -0.003406   -0.003852   -0.009019   -0.007699    0.019309 
   0.011243   -0.016835   -0.005061    0.007425   -0.003180    0.001402    0.003199   -0.006695   -0.002270    0.003930    0.004366    0.001288   -0.007345   -0.002543   -0.004815   -0.007616   -0.000724    0.013454   -0.015655    0.007185    0.000008   -0.010669   -0.003242   -0.001953   -0.004467 
  -0.008469    0.007534    0.004095   -0.008160   -0.011825   -0.017747   -0.004160    0.008898   -0.005681    0.000419    0.003617    0.017087    0.012269    0.010173    0.002078   -0.011394    0.019122   -0.011445    0.023534   -0.005711    0.007933    0.006095    0.003119   -0.010508    0.000383 
  -0.022615   -0.000482   -0.000717    0.009296   -0.000898   -0.001469   -0.011072   -0.013245    0.010853   -0.002688    0.012006   -0.008329    0.006295    0.004750   -0.000697   -0.000022    0.000200    0.006374   -0.005906    0.003001    0.011455   -0.002392    0.017866   -0.000462   -0.007503 
   0.001541   -0.000575    0.012021    0.003305    0.001225   -0.003254   -0.006226    0.008123    0.001117   -0.008967    0.006777    0.003204   -0.007005    0.008390    0.002593   -0.003509   -0.009607    0.008545   -0.007098   -0.002791   -0.003581    0.005163    0.003373   -0.011029   -0.001340 
  -0.017069   -0.002897    0.002747    0.009910    0.008867   -0.001477   -0.009370   -0.015452    0.003951   -0.008815   -0.012560   -0.006547    0.000855    0.002386   -0.014187   -0.015408   -0.008413    0.001419   -0.008314    0.013348   -0.008263   -0.012297   -0.007115    0.020437    0.001765 
  -0.008977    0.000546    0.003210   -0.002488   -0.004317   -0.002678    0.005678   -0.005203   -0.002956   -0.012290   -0.006624   -0.015873   -0.027507    0.014683   -0.013814   -0.019255    0.008076   -0.000031   -0.014814    0.010434   -0.010310   -0.011903    0.007291   -0.006943    0.021629 
  -0.009740   -0.009928   -0.011586   -0.008480    0.014339    0.002543   -0.004738    0.012800    0.003176    0.005368    0.003857    0.017344    0.006992    0.022274   -0.007098   -0.015957    0.009548    0.009802    0.004714    0.005173    0.000158   -0.001520    0.014192   -0.022028    0.007631 
  -0.018027    0.004636    0.009303   -0.005111    0.017189   -0.004509   -0.020251   -0.010123    0.024875   -0.019177   -0.000596   -0.005998   -0.008114    0.009756   -0.001794   -0.020156    0.007443    0.013666   -0.005167   -0.010181   -0.000277    0.010787    0.016290    0.005456    0.012219 
   0.013263    0.013146   -0.009697    0.014575   -0.016636   -0.001138   -0.016552   -0.015708   -0.008000   -0.000506   -0.004046   -0.015962    0.002024   -0.009216    0.001007   -0.001727    0.008647   -0.010802    0.004884   -0.008356    0.008223   -0.001494   -0.009757    0.008861   -0.003057 
  -0.000740    0.004898   -0.003723    0.002069    0.020773    0.017847    0.002812    0.000301    0.007961   -0.009712   -0.011635    0.013309    0.007327   -0.004489    0.003944    0.018359   -0.007894    0.005423   -0.002368   -0.019902    0.002582   -0.006744   -0.004397   -0.003696   -0.004853 
  -0.006797    0.005281   -0.008611    0.009033   -0.010594   -0.000810   -0.011240    0.008140   -0.003762   -0.006838   -0.015823    0.003022   -0.009518    0.003031    0.001062    0.002924    0.006412   -0.000979   -0.002043   -0.004307    0.001555   -0.004769   -0.001620    0.004305    0.000270 
   0.003261    0.001462    0.009577   -0.003231    0.003179   -0.000921    0.016490   -0.000906   -0.001008    0.003604    0.010600    0.001494    0.006180   -0.005595   -0.000831   -0.004861   -0.006916    0.003214    0.004730   -0.001082   -0.007288   -0.012907   -0.017531    0.007028   -0.013362 
  -0.005361    0.014183   -0.001084    0.005746    0.006010   -0.014890   -0.004981   -0.004648   -0.019888   -0.013758   -0.007332    0.013205   -0.006476    0.000852    0.001940   -0.022465    0.019766    0.005027   -0.004017   -0.002730   -0.005520    0.001702    0.003564   -0.006987    0.016149 
  -0.010573    0.001653    0.004257   -0.005496   -0.006397    0.004796   -0.010582   -0.005407   -0.018886   -0.001736    0.003958    0.008002    0.013665   -0.007839   -0.013507   -0.013376    0.005246   -0.014821    0.011194    0.023568   -0.004682    0.014762    0.001945   -0.007398   -0.003844 
  -0.003681   -0.001110   -0.001103    0.004461    0.014774    0.001376   -0.001013   -0.003595   -0.000670    0.007573    0.008429   -0.006097    0.007303    0.006990   -0.011274   -0.003809   -0.003988    0.006497    0.002627    0.012848    0.001077    0.020193    0.003338    0.009482   -0.001404 
  -0.014874   -0.007246    0.008816    0.016112   -0.000683    0.013086   -0.014147    0.010244    0.007251   -0.004204   -0.019639    0.008349   -0.001391    0.011615   -0.016994   -0.002004   -0.013370   -0.001454    0.004308   -0.014777   -0.013408    0.000558   -0.011647    0.012933   -0.007299 
   0.009991    0.003806    0.004032   -0.002128    0.012697    0.015126    0.001390    0.002080   -0.014667   -0.008883    0.002840    0.006580   -0.004463   -0.006494   -0.017017   -0.000583   -0.006960    0.008185   -0.018628   -0.003769   -0.006894   -0.005954    0.003467   -0.005660   -0.006435 
   0.004308    0.002959    0.006250    0.003348    0.001741   -0.002114   -0.000899    0.017345    0.000526   -0.000154   -0.000273   -0.002397    0.008973    0.012028    0.011228   -0.001433   -0.000528    0.001006    0.001301   -0.025933   -0.001722   -0.023801   -0.001104    0.011620   -0.000096 
   0.003037    0.001669    0.000453   -0.011192    0.000807   -0.007620    0.003508   -0.013110    0.010730   -0.009190   -0.010963   -0.007471   -0.012262    0.000319    0.002030   -0.006526   -0.008403   -0.002734    0.001459   -0.006281   -0.026094   -0.007995   -0.024507    0.010224    0.017133 
  -0.005443   -0.015575    0.016060    0.007337   -0.015965   -0.002047    0.003453    0.000806   -0.017066   -0.005925    0.012278    0.004026    0.012838   -0.007699    0.004887   -0.011099   -0.003308   -0.005931   -0.000964    0.004855   -0.002170   -0.005409   -0.004361   -0.001412   -0.012395 
  -0.021899    0.008697    0.005674    0.003455   -0.014216   -0.008288   -0.006749    0.006144    0.004430   -0.005314   -0.015605    0.015236   -0.012185    0.022933    0.000892    0.003236   -0.002330   -0.000990    0.011568   -0.004442    0.000275    0.000261   -0.008437    0.009110    0.019254 
  -0.003071    0.008905   -0.007356   -0.005173   -0.005263    0.005276    0.016704    0.002163   -0.003360    0.007547   -0.010722    0.007798    0.004319   -0.007911    0.001473    0.003431   -0.000393   -0.000093    0.001595   -0.015079    0.002297    0.006245    0.011780   -0.016239    0.002071 
   0.003961   -0.000415   -0.011245   -0.006813   -0.009003   -0.008865   -0.019609    0.003516    0.007743    0.007372    0.003528    0.005035    0.003094   -0.005943   -0.005190    0.001400    0.002574   -0.001734    0.007352    0.010516   -0.012455   -0.010521   -0.013635    0.009760   -0.004560 
  -0.008979    0.002099    0.012666   -0.009044    0.011522    0.001355   -0.007364    0.003667   -0.000786    0.000523    0.003315    0.000454   -0.003670    0.011770    0.013304   -0.003439    0.006835    0.006604   -0.016473    0.003007   -0.009492   -0.009177   -0.015378   -0.002544    0.012731 
  -0.002558    0.008349   -0.000660   -0.000269   -0.003212   -0.021878   -0.002554    0.006654   -0.002846    0.004812   -0.014514   -0.009080   -0.021976    0.005728   -0.004651   -0.003324    0.017763    0.011090    0.006165   -0.001006   -0.004174   -0.006638    0.000270    0.009648    0.010611 
   0.012823    0.000486   -0.012591   -0.000382    0.006540   -0.002121    0.016569    0.002619   -0.005067   -0.009151   -0.025581   -0.002105   -0.011123   -0.002622    0.003029    0.014612   -0.013631    0.015254   -0.011096   -0.011127   -0.007411    0.003951    0.001866   -0.010749    0.007505 
  -0.003553   -0.008221   -0.015160   -0.003327    0.020101    0.010137    0.006623   -0.017940    0.005433   -0.022414    0.000952    0.011796   -0.003196    0.000149    0.005845    0.007527   -0.015054    0.013894    0.002126   -0.004273    0.006066   -0.006251   -0.003201   -0.010837   -0.000352 
  -0.015891    0.003122    0.007486   -0.019737   -0.001254    0.004744    0.000921   -0.010577   -0.004615   -0.001319    0.004486    0.014506   -0.009084   -0.007224    0.004525   -0.002027    0.002295   -0.014625   -0.006718    0.017805   -0.002921    0.018292   -0.000576   -0.012892    0.010178 
  -0.007865    0.000454    0.006204    0.001183    0.001683   -0.008516    0.010682    0.004794   -0.013674    0.000779   -0.009671    0.010388    0.014349    0.008400   -0.000180   -0.004355    0.000999   -0.019274    0.004808   -0.002580   -0.006608    0.000372   -0.004667   -0.000283   -0.011695 
   0.007094    0.000439    0.020327   -0.020410   -0.012380   -0.012171    0.012758    0.015910   -0.012692    0.005869    0.006135    0.018921    0.003244    0.014079   -0.016629   -0.012602    0.009779   -0.028024    0.019049    0.017351   -0.018472   -0.003434   -0.000369    0.001437    0.008019 
   0.017629    0.001777    0.003700    0.014086    0.007941    0.002748    0.010526    0.017422   -0.005606    0.008042   -0.011114   -0.006427   -0.002877    0.012034    0.006685    0.011349   -0.007351    0.006689   -0.004455   -0.003915    0.001145   -0.012609    0.000683   -0.000824   -0.009782 
   0.012920    0.011855   -0.006636   -0.000628   -0.013397   -0.000145    0.009562   -0.001103   -0.004770    0.006863   -0.005659   -0.008817   -0.004048    0.005273    0.018120    0.004448   -0.001248   -0.015727    0.009330   -0.011689   -0.001473   -0.008289   -0.005761   -0.007953   -0.001712 
  -0.014315    0.001833   -0.009204    0.000369   -0.000541    0.007870   -0.014179   -0.017027    0.005849    0.000464   -0.013011   -0.002759   -0.001364    0.001517    0.006187   -0.017866    0.000551   -0.008920    0.010501    0.000054   -0.000706    0.008728   -0.005113    0.008251    0.002750 
   0.004343   -0.008169   -0.010543    0.007809   -0.017608   -0.001553    0.000340    0.005349   -0.004551   -0.000037   -0.014298   -0.010813    0.004185    0.012751    0.004866   -0.010784   -0.000765   -0.011042    0.000686    0.001028   -0.016018   -0.009788   -0.006922    0.005319   -0.001070 
   0.005315   -0.012230    0.003524   -0.009964   -0.005524    0.001578    0.004000   -0.005122    0.004698   -0.008565    0.000317   -0.006339    0.002540   -0.020186    0.002084    0.006433   -0.002532    0.003972   -0.011815    0.006635   -0.009804    0.000414   -0.002884   -0.012292    0.015043 
  -0.005880   -0.008412    0.005600    0.003568   -0.006697   -0.007378    0.007413    0.003898   -0.001315    0.003443    0.007130    0.007852    0.009583   -0.009243   -0.005482    0.016918   -0.014922    0.001211   -0.010492    0.005044   -0.011251    0.001499   -0.003417   -0.011792   -0.013332 
  -0.007201   -0.000536   -0.010887    0.013164    0.000721    0.005994    0.007684    0.000487    0.011459   -0.004738    0.003781   -0.016664    0.001445    0.012418   -0.011769    0.006733   -0.012526    0.008611   -0.021396    0.005766    0.007197    0.001009    0.011612    0.006022   -0.001959 
  -0.021456   -0.005220   -0.000182    0.001043   -0.013259    0.004802   -0.020638   -0.002406   -0.014488   -0.005666    0.002691    0.012564   -0.002748    0.002995    0.002268   -0.016312    0.009445   -0.005881    0.004825    0.007421    0.018746   -0.001873    0.004365   -0.004380    0.005431 
  -0.012972    0.001527   -0.002697    0.011986   -0.003989   -0.007179    0.006485    0.003494   -0.004386   -0.010756    0.007037   -0.008272   -0.008789    0.011076    0.001073    0.009982    0.000707    0.000552    0.003476    0.001142    0.000043   -0.007930   -0.000978    0.003981    0.002106 
   0.008761   -0.024793    0.003293   -0.011558    0.018548    0.007872    0.005522    0.018804   -0.012894   -0.018135   -0.016736    0.013774    0.003025   -0.007808   -0.003813    0.008952    0.007248    0.014642    0.002528    0.008471    0.013193    0.009604    0.016869   -0.008564    0.008362 
  -0.009242   -0.000099    0.001217    0.003598    0.017351    0.003978   -0.017504    0.009373    0.001820   -0.013584   -0.020178    0.010558    0.005933   -0.017238    0.009135   -0.003201    0.017166   -0.006928    0.000958   -0.019457    0.010385    0.003139    0.009097   -0.002501   -0.011049 
  -0.001551   -0.014466    0.004653   -0.001873   -0.008488    0.004892    0.014972    0.008762   -0.005851   -0.009733   -0.005838    0.001509    0.003688   -0.008640    0.000218    0.015755    0.003547   -0.021720   -0.003311    0.011159   -0.001851   -0.005452    0.000040    0.001342   -0.011525 
  -0.008500    0.003950    0.007238   -0.005402   -0.000378   -0.017587   -0.002489   -0.002486    0.012938    0.003410    0.004272    0.007870    0.003740   -0.006005    0.007875    0.001239    0.004376   -0.010264    0.016215    0.004972    0.006041    0.001501   -0.013423    0.004850    0.003145 
   0.018528    0.011604   -0.004622   -0.004711   -0.003159    0.007551    0.013977    0.002667   -0.003342    0.002946   -0.004858   -0.005021   -0.010588   -0.030178   -0.002271    0.023970    0.003869    0.001857   -0.009555    0.001628   -0.005893   -0.017120   -0.000173   -0.001898    0.006239 
   0.006684    0.025976   -0.003895    0.018044   -0.001021   -0.011023   -0.006085    0.008792   -0.005197    0.016304    0.008821   -0.006685   -0.005119    0.012319   -0.005464    0.003319    0.006230   -0.000820   -0.009951   -0.009299   -0.005158   -0.031063   -0.005899    0.011430   -0.013686 
   0.000710    0.001636   -0.002365    0.021223    0.010308   -0.002156   -0.015517   -0.003350   -0.017572   -0.007756    0.000718   -0.017201   -0.008433    0.001333    0.002942   -0.028502    0.000370   -0.002429   -0.016744   -0.000973    0.012249    0.009833   -0.004617   -0.008150   -0.013866 
  -0.007135   -0.003859   -0.007307    0.008584    0.012781    0.006482    0.006880    0.001503    0.004946    0.009898    0.000196    0.006521    0.012189    0.000462    0.007800    0.007076   -0.012999   -0.002023   -0.001958   -0.008246    0.005475   -0.008313   -0.012799    0.002526   -0.017088 
   0.010906    0.008196    0.015029    0.000667   -0.004145   -0.001495    0.011687    0.002601   -0.003367    0.004788   -0.004141    0.003237   -0.000722    0.014720   -0.014842   -0.007532    0.001025   -0.009218   -0.001222   -0.008631   -0.012163   -0.002548   -0.009695    0.011892   -0.011372 
  -0.007013   -0.005378    0.008878   -0.000802   -0.010894    0.003535   -0.022180    0.018110    0.001275    0.007386   -0.001694    0.012886    0.020266   -0.002502    0.005686   -0.002725   -0.002233   -0.007337    0.025827   -0.010312    0.018010    0.012563    0.013223   -0.011106   -0.007150 
   0.005976    0.011324    0.006630   -0.007263    0.006759   -0.005086    0.010344    0.008714    0.003090   -0.008018    0.006629    0.010883   -0.005955    0.012104   -0.006790   -0.012572    0.003409   -0.010942    0.010308   -0.009638   -0.024462   -0.003015   -0.018026   -0.011720   -0.001626 
  -0.001019   -0.005263   -0.003746    0.004201   -0.002554    0.009479   -0.018318    0.007295    0.013308    0.004837   -0.015737   -0.003598    0.006330    0.000794    0.004773   -0.003554    0.005910   -0.002359    0.009021   -0.001182    0.011514    0.002951    0.001372    0.014727   -0.006221 
   0.001997   -0.005306   -0.013688    0.014891    0.005290    0.002386   -0.009495    0.000056    0.002730   -0.010957   -0.021286   -0.007388   -0.011395    0.018024   -0.012561    0.000788    0.011952   -0.007561   -0.000835   -0.024772    0.006904   -0.011041    0.016962   -0.004800    0.010628 
   0.000867    0.004174    0.011573    0.002799   -0.016199   -0.018549   -0.011267    0.014523    0.004811    0.003821    0.001282   -0.011884    0.000237    0.008280    0.002278   -0.001281    0.005489   -0.002322   -0.012303   -0.005124   -0.005244    0.002327    0.006212    0.009160    0.008858 
   0.008000   -0.010168   -0.004950    0.021051    0.010542    0.004410   -0.011955    0.004483   -0.016590   -0.015759   -0.009093    0.001115   -0.001936   -0.003345   -0.004163    0.010757   -0.005681    0.000119   -0.004138    0.001096   -0.009006    0.009355   -0.002311   -0.000264   -0.015030 
  -0.000421   -0.003169   -0.003827   -0.001522    0.001072    0.008832   -0.007477   -0.001727    0.007524    0.007852    0.002446   -0.004742    0.006206   -0.004866   -0.000106    0.005183   -0.013681   -0.004337   -0.006616    0.002487   -0.002032    0.002206    0.006126    0.001328   -0.007345 
  -0.002063   -0.003747   -0.000797    0.013517    0.017579    0.001899    0.004476    0.002600    0.006553   -0.020786    0.008961   -0.002867   -0.009369    0.012041    0.003282   -0.020668   -0.004790    0.014573   -0.002588   -0.000735    0.001873   -0.000270    0.002261   -0.005706   -0.009382 
   0.012174   -0.005129   -0.023457   -0.002934    0.019638    0.015134    0.007753    0.009869    0.006722    0.013618    0.014822    0.009009    0.014668   -0.013354    0.014822    0.012476   -0.002444    0.006788    0.003582    0.003259    0.006032    0.011681    0.012407   -0.011992   -0.011939 
   0.006978   -0.004730   -0.013684   -0.003762   -0.001421    0.014804    0.015238    0.005017    0.002617   -0.006992   -0.006291    0.006626    0.022463   -0.010441    0.002488    0.012657   -0.012230   -0.017854    0.003912    0.017771   -0.007854    0.008553    0.001650   -0.012001   -0.023366 
  -0.005223    0.012426    0.002174    0.016845   -0.000249    0.001403   -0.005775   -0.010115    0.000510   -0.005264    0.002635   -0.011287    0.001326    0.015952   -0.012009   -0.001094    0.004428   -0.001679   -0.012257   -0.005873   -0.013905    0.000733    0.004129   -0.003695   -0.001105 
   0.001403    0.012968    0.004990   -0.000551    0.003081   -0.022977    0.010432   -0.002357   -0.019653   -0.005288    0.010784    0.002393   -0.006120   -0.009843    0.000983    0.008873    0.012715   -0.001920    0.012319    0.002462    0.008166   -0.001974    0.005056   -0.002223   -0.003646 
   0.002954   -0.008397   -0.003568    0.002231    0.004578    0.006409    0.015628    0.004969   -0.011930   -0.005671   -0.018856    0.002930    0.001868   -0.012506   -0.013005    0.008892    0.013217    0.004816   -0.007539   -0.001707    0.004508    0.000542    0.000782   -0.000955    0.003956 
  -0.014489   -0.002692    0.013478   -0.012113    0.009886    0.006525   -0.004680   -0.018145   -0.003618    0.000449   -0.002590    0.000632   -0.004276   -0.009104   -0.021027   -0.009350   -0.001239    0.007765   -0.012408    0.013878    0.010951   -0.008063    0.008770    0.006074   -0.009710 
  -0.011665   -0.007321   -0.004063   -0.006649   -0.005599   -0.004841    0.000281    0.001544    0.002946   -0.003312    0.003617   -0.004174   -0.009756   -0.025532    0.004911    0.002941    0.004416    0.002388   -0.007745    0.003187    0.006328    0.013009    0.005663   -0.010399    0.000370 
  -0.000486   -0.005469   -0.003767    0.012225    0.021058   -0.012009    0.002121    0.010476   -0.015290   -0.018996    0.013832   -0.004401   -0.004574   -0.011153   -0.013890   -0.007793   -0.014362    0.024790    0.001320   -0.004160    0.001877   -0.002000    0.005726    0.006391   -0.020799 
  -0.009524    0.003513   -0.001198    0.007619    0.006145   -0.019494   -0.000483    0.005029   -0.008189   -0.024101    0.001761    0.009884   -0.002773   -0.003909    0.001373   -0.009911   -0.002114    0.001040    0.004949   -0.010671   -0.012806    0.002504   -0.003912   -0.015186   -0.012254 
   0.008358    0.001832   -0.011014    0.012998    0.009533   -0.000322    0.012196    0.010944    0.012751   -0.003462   -0.001085   -0.014546   -0.005164    0.004452    0.004694    0.011023   -0.004418   -0.007759    0.005346   -0.003653    0.015723    0.003417   -0.001034   -0.004065   -0.007009 
  -0.007416   -0.016447    0.000374   -0.004196    0.004895    0.011201    0.003762   -0.008770    0.007330    0.005039    0.005243    0.000947    0.004664   -0.017778   -0.017057   -0.001424   -0.010559    0.016931    0.000755    0.011115    0.020959    0.017416    0.010496   -0.000240    0.001551 
   0.002968    0.002475    0.012235   -0.007959   -0.003477   -0.004695   -0.025449   -0.018917   -0.000130   -0.007992   -0.006442    0.002187   -0.009338    0.004792    0.007756    0.002607    0.003791   -0.009235    0.006794   -0.013384    0.007011   -0.016586    0.009869    0.011744    0.012817 
  -0.000132    0.016249   -0.004588   -0.006868    0.004150    0.001963    0.005671    0.000006    0.006153    0.014397    0.007149    0.001866   -0.003987   -0.010400    0.003256    0.007671   -0.000601   -0.004561   -0.002334    0.024239   -0.002174    0.015602    0.004904   -0.020893    0.003233 
   0.004950    0.007304   -0.008907   -0.013545   -0.003128   -0.009699    0.007247    0.010511   -0.002998   -0.003483   -0.002304    0.002482   -0.004173   -0.003014    0.003131    0.013883   -0.004151    0.008676   -0.004060    0.002473   -0.001419   -0.006278   -0.000104   -0.008641    0.005715 
  -0.005157   -0.006335    0.013874   -0.000702    0.005980    0.002276   -0.005259   -0.005614   -0.003621    0.001850    0.010299   -0.007522   -0.002429    0.003335   -0.019332   -0.010877   -0.012012   -0.006583    0.012256    0.010344    0.000545   -0.002249   -0.011515    0.012177    0.012180 
   0.009160    0.009128    0.008949   -0.008486    0.002498   -0.016200    0.015404   -0.003763    0.002886    0.003771    0.007121   -0.000612   -0.003776    0.004573   -0.006011   -0.008973   -0.003170    0.001144   -0.006755   -0.008098   -0.025345   -0.002258    0.006216   -0.006675   -0.007194 
  -0.004872    0.004091    0.018213   -0.006809   -0.002340    0.001929   -0.001563    0.010897   -0.000337    0.005168   -0.003095    0.007281    0.005994    0.012093    0.012162    0.005635    0.005301   -0.006060    0.006170   -0.006732    0.015675   -0.007647    0.000220   -0.003293    0.000422 
  -0.001092   -0.016690   -0.000624   -0.011907    0.015678    0.001886   -0.006714    0.014251   -0.001799   -0.015681   -0.012440    0.010675    0.009285   -0.008097    0.001392    0.010990    0.002917   -0.006833    0.026572   -0.009208    0.017880    0.006792   -0.004585   -0.000629   -0.000492 
  -0.001889   -0.000513   -0.011662    0.001206   -0.023063   -0.020104   -0.004822    0.000684   -0.002963    0.004167    0.013987    0.005199    0.016121    0.006996    0.012573   -0.011861    0.011363   -0.022291    0.016967    0.024945    0.010074    0.003674    0.008467   -0.003919   -0.022101 
  -0.000688   -0.001132   -0.007056    0.005921   -0.002535   -0.011621    0.001587   -0.003168    0.010816    0.001665    0.008418    0.000385   -0.007654    0.001271    0.008917    0.003228    0.001381   -0.001000    0.002772    0.004659   -0.003424    0.012981   -0.000954    0.007206   -0.009069 
   0.024970   -0.005311   -0.002455   -0.004946    0.009797    0.004811    0.015455    0.013580    0.020824    0.010120    0.012651    0.002173    0.006899   -0.020910    0.013776    0.005887    0.002053    0.002164   -0.007372    0.009638    0.004072   -0.003769   -0.004902   -0.004647   -0.000985 
  -0.014200   -0.018271    0.006522   -0.001364   -0.006692   -0.000843   -0.008921    0.008406    0.014561   -0.009994    0.001806    0.007439    0.016863   -0.002521    0.018578    0.003549   -0.000214    0.001421   -0.009732    0.003908    0.006042   -0.002447    0.005973   -0.005286    0.000199 
  -0.010276   -0.001634    0.001123   -0.003271   -0.004584   -0.014102    0.001466   -0.007072   -0.000664    0.000415    0.000321    0.003851    0.000870   -0.002851   -0.011582   -0.005559    0.009522   -0.000597    0.005907   -0.005591    0.006635    0.002166    0.003444    0.003757    0.009614 
   0.005662   -0.004353    0.004881   -0.002149    0.006567   -0.010917    0.000442    0.000631    0.005444   -0.005613    0.019197   -0.010127    0.010482    0.001460   -0.001402    0.001203   -0.015607    0.000260    0.004010    0.012343   -0.007310   -0.001681   -0.003420   -0.001831    0.004278 
  -0.009182   -0.011021    0.015251   -0.000939   -0.015489    0.000656   -0.005160   -0.015210   -0.004479    0.000314   -0.004194   -0.002435   -0.009744   -0.008490    0.009385   -0.015476   -0.002822   -0.008385    0.002458   -0.017648    0.006592   -0.011131    0.000277   -0.009527   -0.000873 
   0.001935   -0.002981   -0.010952   -0.008531    0.005272   -0.006104    0.004685   -0.003000    0.003056   -0.000239   -0.005480   -0.001812   -0.000892   -0.011409    0.018022    0.008853    0.016030    0.011202   -0.000847   -0.001798   -0.012937   -0.004912    0.003455    0.002395    0.011010 
  -0.010937   -0.011993   -0.010745    0.004875    0.002593   -0.008010    0.000440    0.002144    0.019578   -0.008325    0.009499    0.011883   -0.019071    0.001422   -0.000658   -0.006137   -0.008072    0.008281   -0.005255    0.007828   -0.011450   -0.000052   -0.008657    0.001874   -0.002340 
  -0.002936    0.006973   -0.015571    0.005440    0.001227    0.021681   -0.007215   -0.002657    0.008425    0.002321   -0.024124   -0.001487    0.001117   -0.007915    0.010750    0.019489    0.001865    0.012241    0.009864   -0.014924    0.004424    0.019012   -0.006717    0.012347   -0.004205 
   0.006739    0.001134    0.014069    0.002472    0.011537   -0.005391    0.002160    0.013365   -0.001215    0.022756    0.009145    0.002313    0.002889    0.000541   -0.019808    0.003877    0.002378    0.010659    0.002274    0.005475   -0.010251    0.004638   -0.011433    0.005901    0.009585 
   0.008651   -0.003861    0.006228   -0.011487    0.002839    0.012641    0.005137   -0.002197   -0.001201    0.001581   -0.013557    0.001502   -0.000437    0.004036    0.001456    0.008775    0.003949    0.011656   -0.006299   -0.002262    0.019158   -0.001937    0.008759   -0.014052    0.008001 
   0.007963   -0.005390    0.014382   -0.000932   -0.008614    0.004027    0.000181    0.000625   -0.006738    0.004679    0.011767   -0.000797   -0.013649    0.011396   -0.003107   -0.005919   -0.013824   -0.009122    0.009327    0.002128   -0.006210    0.003547    0.002899   -0.001419    0.013523 
  -0.000541    0.006310    0.001938   -0.012037   -0.015340   -0.004442    0.012697   -0.006015   -0.004634    0.010232   -0.007795    0.000242   -0.012393    0.020135    0.004442    0.013586   -0.011293   -0.017949   -0.002443   -0.001976   -0.004429   -0.014443    0.003255    0.005983    0.009189 
  -0.003857   -0.023281   -0.010399   -0.010622   -0.007082   -0.000092    0.016331   -0.001075   -0.014325    0.000766   -0.018964    0.001157    0.004496   -0.029332    0.008160    0.023686    0.002066   -0.005483   -0.002421    0.012037    0.006675    0.011565    0.000622   -0.001625    0.013810 
   0.022005    0.005977    0.012136   -0.010554   -0.012744   -0.015390    0.027867    0.004831   -0.006508    0.006939    0.008337   -0.013587    0.006870    0.009548   -0.009054    0.015416   -0.016590   -0.014948    0.014139    0.019197   -0.022720    0.002227   -0.004092   -0.008720    0.005311 
  -0.003309   -0.005698    0.009431   -0.016274   -0.009407   -0.004149   -0.000750    0.002039   -0.017304   -0.010557    0.016399    0.008500    0.003505    0.001520   -0.004224    0.005526   -0.006712   -0.010219    0.002493    0.002484   -0.005129    0.014773   -0.001134   -0.012709    0.005686 
  -0.006671    0.003199   -0.004790    0.002793   -0.010730   -0.002143   -0.008869    0.013273    0.001831   -0.009149   -0.026387    0.018140    0.007401    0.005362    0.008300   -0.010446    0.003060    0.007739   -0.001794   -0.014566    0.008350   -0.007384    0.017755   -0.008170   -0.009413 
   0.011120   -0.016049   -0.008444    0.001371   -0.005903    0.006038   -0.002623   -0.003192   -0.009508   -0.004534   -0.005927   -0.000015    0.009486   -0.004172    0.006593   -0.001483   -0.000570   -0.005843    0.006550   -0.011742   -0.011430   -0.007224   -0.009741    0.013619   -0.010015 
   0.005901   -0.006260   -0.012077    0.008651    0.001656   -0.002274    0.015364    0.009289    0.002648    0.007806   -0.009033   -0.001019   -0.000225    0.013388   -0.014806   -0.000656   -0.007222    0.011592   -0.003545   -0.006644   -0.002604    0.001242   -0.003765   -0.006256    0.005707 
   0.020385   -0.006914    0.013421   -0.004602   -0.022367    0.003904   -0.003013    0.010666   -0.007029    0.017246   -0.008201   -0.003862   -0.003538   -0.003089    0.005130   -0.010377    0.025372   -0.005851   -0.007330    0.004248   -0.001059    0.006855    0.012830    0.004079   -0.010438 
  -0.003396    0.018622    0.014290   -0.001996   -0.002092   -0.003239   -0.013973   -0.009002    0.013115    0.003192    0.001998    0.012165    0.019362   -0.005515    0.000392   -0.004036   -0.005989   -0.009076    0.006045   -0.013571   -0.000475    0.004499   -0.010971    0.002185   -0.018771 
  -0.008642    0.005905    0.000772    0.004137   -0.005969   -0.005479    0.001944   -0.014552   -0.000299    0.021412    0.001761    0.012559    0.003734    0.027057    0.007352   -0.006919   -0.002342   -0.014784    0.021900   -0.023890   -0.004290   -0.011874   -0.009373    0.003785    0.004566 
  -0.005624   -0.009803   -0.004590    0.005195    0.009036   -0.005223    0.000745    0.005894   -0.008915    0.000790    0.004622    0.005339    0.013621   -0.008890   -0.024411   -0.011641    0.001754    0.003921   -0.005797    0.007502   -0.004709    0.012512    0.002890    0.002053   -0.012495 
   0.009159   -0.006857   -0.012675   -0.007681    0.007950    0.006049    0.007723   -0.001327   -0.006783   -0.025777    0.002376    0.012549    0.000849   -0.007457   -0.004500   -0.013788    0.003350    0.009726   -0.005354    0.000752    0.000389   -0.003885   -0.001515   -0.027132   -0.003760 
  -0.011540   -0.015392    0.014160   -0.014856   -0.019991    0.009664    0.008245   -0.006559   -0.001109   -0.002978   -0.013137    0.006143    0.008460   -0.012700    0.000335    0.015396   -0.011957    0.003229    0.001947    0.001882    0.017968    0.004715   -0.006862   -0.000515    0.008177 
   0.007204    0.006004    0.014208   -0.005014   -0.008173   -0.011254    0.006012   -0.010343   -0.004531    0.017123   -0.004473   -0.006668   -0.001539   -0.019217    0.016932    0.007591    0.010963   -0.000810   -0.000919   -0.002470    0.010701    0.009856   -0.009925   -0.004967   -0.003231 
  -0.000841   -0.013712   -0.000238   -0.007419    0.000053    0.007401   -0.005782   -0.000895    0.006574   -0.007297   -0.010150   -0.014832    0.000763    0.009523    0.003905    0.003456   -0.000110   -0.012711    0.004295    0.012130   -0.009819   -0.001897   -0.018021    0.003421    0.021415 
   0.016330    0.003301   -0.000274    0.003143   -0.011045    0.007740    0.001580    0.012303    0.008444    0.003505   -0.011168   -0.003640    0.007605    0.008373    0.003382    0.009311    0.001100   -0.007741    0.006901   -0.011183    0.006079   -0.007852    0.007368    0.005617    0.003205 
  -0.012875    0.006989   -0.007276    0.008938   -0.015362   -0.008710   -0.017874    0.005684   -0.003139    0.005970    0.016315    0.001720   -0.003059    0.019054    0.002446   -0.013273    0.001141   -0.001076    0.004409   -0.002006   -0.004367   -0.009015   -0.000692    0.010781   -0.020251 
   0.000430   -0.007100   -0.002206   -0.003182   -0.024814   -0.013690    0.007355    0.007330   -0.009968   -0.002023   -0.006174   -0.005646   -0.000867   -0.009044   -0.007617   -0.010557    0.007422    0.006592   -0.002097    0.002836   -0.011376    0.004009   -0.003432    0.006354    0.015296 
  -0.003844    0.001788    0.015309   -0.012859   -0.002659   -0.010131    0.001744    0.006587   -0.004119   -0.000078    0.032675    0.003180    0.015608   -0.004166   -0.001048   -0.012876   -0.003885    0.009156    0.010646    0.028119   -0.001768    0.001810   -0.002014   -0.013008    0.001259 
  -0.005730   -0.009132   -0.002382    0.003021   -0.000278   -0.007159    0.001654   -0.001984   -0.006321   -0.018735    0.010756    0.008904    0.000176   -0.004429    0.009791    0.012848   -0.007975   -0.001597   -0.008589    0.003425    0.006469    0.000535   -0.007169   -0.003495   -0.005242 
   0.016484   -0.001198   -0.007248   -0.013082    0.009497   -0.009891   -0.004050    0.009507    0.006215    0.005548    0.010483   -0.003398    0.014304    0.017593    0.003706    0.012633   -0.009313   -0.008264   -0.003175    0.001721   -0.015081   -0.003509   -0.015546   -0.005884   -0.016886 
   0.005960   -0.004996   -0.002415    0.001820   -0.009140    0.000466    0.009875   -0.012837    0.009081   -0.007772   -0.007909    0.017174    0.011247   -0.008507    0.008317   -0.001700    0.004489   -0.003829    0.005372   -0.000144    0.013565    0.002625    0.001710   -0.011602   -0.004745 
   0.013479   -0.011246   -0.000702    0.003767    0.021801    0.015529    0.007321   -0.013220   -0.016743   -0.006589    0.005845   -0.000644   -0.011804   -0.000789    0.000989   -0.004120   -0.015276    0.015284   -0.022469    0.006014   -0.005075   -0.011158   -0.004824   -0.005595    0.007386 
  -0.009380    0.009551    0.006254   -0.014323   -0.002016   -0.000023    0.000180   -0.000699   -0.002473    0.010955    0.020594   -0.003626    0.006894   -0.001875   -0.008544   -0.010372    0.023121   -0.010226    0.011290   -0.001807    0.004373    0.007801    0.017079   -0.010778    0.012397 
  -0.013618    0.001493   -0.014545    0.003033    0.010943   -0.013650    0.008659   -0.009301    0.010344   -0.005814    0.014410   -0.003731   -0.004522   -0.014510   -0.009719   -0.007112   -0.002620    0.025902   -0.008890    0.002750    0.003327    0.016809    0.001914    0.002610    0.006729 
  -0.010270    0.011006    0.013755    0.000788    0.010212   -0.009359   -0.007236    0.003663    0.009184   -0.011041    0.000083   -0.003275   -0.011827   -0.001656   -0.011244   -0.005833    0.023339   -0.003623    0.001820    0.008441    0.001058   -0.004188    0.009410   -0.007980   -0.005683 
  -0.008054    0.000822   -0.029088    0.000684    0.002335   -0.006047    0.002138   -0.011571    0.011665   -0.002703    0.003118    0.011536   -0.002629   -0.009360    0.017410   -0.002184    0.002214    0.012085   -0.004294   -0.005804   -0.001043   -0.001309    0.009299    0.008020    0.001080 
   0.003299   -0.005448    0.008753    0.015644   -0.003278   -0.009468   -0.006638   -0.002542   -0.013192   -0.006766    0.009562   -0.022929    0.007413    0.015623    0.003910    0.005313   -0.012423   -0.001739   -0.011917   -0.008634   -0.003167   -0.006463   -0.014821    0.012524    0.003323 
   0.004406   -0.005053    0.011511   -0.009419   -0.002749    0.001073    0.004290   -0.000588    0.009419    0.001782   -0.006077    0.002380    0.006402   -0.006260   -0.001060    0.004325    0.000079    0.000027   -0.013211   -0.012395    0.002024    0.001095    0.000722   -0.005383    0.011263 
  -0.002545    0.010577   -0.006722    0.009220    0.005816    0.002679   -0.019795   -0.002457    0.001676    0.000711    0.006551   -0.007190    0.017641    0.007300   -0.004231   -0.010348    0.000265   -0.003930    0.006874   -0.020919   -0.000254    0.001113    0.005455   -0.005240   -0.013120 
  -0.012964    0.009869   -0.003029   -0.000458   -0.011774   -0.011748   -0.009664   -0.003210    0.013238    0.005891    0.014840   -0.015618    0.006149    0.001708   -0.007356   -0.005185    0.010533   -0.000534    0.007689   -0.003579   -0.000753   -0.004893    0.008562    0.014825    0.006016 
   0.003671    0.003457    0.004582    0.017644   -0.014474   -0.007081    0.009455   -0.022889   -0.004184    0.005297    0.017067   -0.006084   -0.023945   -0.009511   -0.003688   -0.009342    0.003736   -0.009693   -0.009961    0.025303   -0.012358    0.016613   -0.011812    0.007142    0.005279 
   0.010341    0.013229   -0.000204   -0.008495    0.012426   -0.000367   -0.000173   -0.004138    0.007326    0.009446    0.014508   -0.001558    0.005631    0.009331    0.001932   -0.000362    0.008243   -0.004643   -0.003599   -0.004382    0.006559   -0.009822    0.005089    0.007701    0.001836 
   0.001981    0.004555    0.000490    0.006900   -0.007903   -0.006984    0.003891   -0.005914   -0.015444    0.001113    0.013022   -0.021502    0.005971    0.014431   -0.017242   -0.016609   -0.008798    0.008739   -0.010075    0.014672   -0.015217   -0.019283    0.011897    0.008067   -0.003878 
   0.013043    0.011672    0.006004    0.007643   -0.017388   -0.009151    0.002990    0.000040   -0.012145    0.007407    0.018503   -0.015276    0.009576    0.012653   -0.016599   -0.017449   -0.002489   -0.006164    0.000125    0.004067   -0.004916   -0.004816    0.005146   -0.004866   -0.001171 
  -0.006790   -0.018634   -0.002818    0.005533   -0.004764    0.006180   -0.001900   -0.002718   -0.007914   -0.004234   -0.006859   -0.001552   -0.002941   -0.007771    0.000844    0.001999    0.004174   -0.002924   -0.014064    0.007202    0.003736    0.013577    0.003877   -0.012447    0.001305 
   0.002356    0.004412   -0.012267    0.000361   -0.001679   -0.007005    0.023043    0.008411    0.006279   -0.005087    0.002418   -0.002212   -0.002553    0.005489    0.015184    0.012986   -0.010551    0.003361    0.010785   -0.010957   -0.002963    0.007666    0.000411    0.007758   -0.000975 
   0.006524   -0.005572   -0.001899   -0.015380   -0.010331    0.022786    0.002874   -0.005636    0.021119    0.010071   -0.003126    0.013452    0.026910   -0.011191    0.005420    0.004180   -0.004734   -0.014095    0.023234   -0.018381    0.004557    0.013107   -0.012628   -0.003129   -0.005921 
  -0.003848    0.015514    0.003256   -0.009272   -0.008963   -0.002153   -0.008924   -0.008633   -0.009838   -0.002157    0.007392    0.008071   -0.006697    0.015949   -0.002606   -0.014609   -0.004308   -0.002100    0.018819   -0.000545    0.005340    0.013062    0.016351   -0.010789    0.005955 
  -0.003351   -0.001221    0.010155   -0.013252    0.001514    0.004279   -0.011118   -0.013101   -0.018815    0.005080   -0.002595    0.004112   -0.009429    0.016147    0.006113    0.005387    0.006323   -0.000894    0.000255   -0.004343    0.003394   -0.004305    0.010301   -0.002643    0.037679 
   0.001185    0.012790   -0.002643   -0.006960   -0.007734   -0.008577   -0.003882    0.015745   -0.000972    0.008305   -0.013114    0.002994    0.007671    0.016322    0.020383   -0.001789    0.007910   -0.004886    0.007267   -0.016241    0.007730   -0.016986    0.008697   -0.008917    0.000907 
  -0.008911   -0.000809    0.005712   -0.008441   -0.001373    0.010641    0.002557   -0.008019    0.009592   -0.000912    0.008791    0.011145   -0.001194    0.002641    0.000590   -0.008215    0.010700   -0.006274    0.000477    0.007903    0.007686    0.004325    0.009470   -0.009877    0.013155 
   0.000697    0.008373   -0.014588   -0.003857    0.003669   -0.012190   -0.014014    0.005606    0.008288   -0.006296   -0.002951    0.000216   -0.004529    0.002587    0.000236    0.009070    0.006076   -0.007885   -0.009167    0.002581    0.001714    0.006914    0.000425   -0.005551   -0.004246 
   0.004211   -0.017118    0.002452   -0.005989   -0.013735    0.013777    0.012952    0.006590    0.003163   -0.003675   -0.004104    0.000131    0.002838   -0.010104    0.008359    0.013259   -0.011137   -0.001688    0.007497    0.011769    0.009817    0.011790    0.000018   -0.004251    0.004543 
  -0.002154   -0.002842   -0.005899   -0.005525   -0.010501    0.018231   -0.006693    0.011144   -0.004924    0.003342   -0.011777    0.005423    0.008628    0.010576    0.003921    0.022500   -0.003023   -0.012996    0.000916   -0.001522    0.005343    0.009361    0.007807   -0.015300    0.002312 
  -0.001727   -0.002157    0.001685    0.006932    0.016003   -0.000319   -0.002117    0.000403   -0.016697   -0.004529    0.003735    0.011463   -0.000324    0.008020   -0.015168   -0.020473    0.010933    0.006199   -0.008663   -0.009634   -0.000859    0.000498    0.002611   -0.009522   -0.012422 
   0.019246   -0.013377   -0.002744   -0.000268    0.003983    0.005294    0.008811    0.006893    0.018332    0.006655    0.004466    0.003158    0.017606   -0.017061    0.006331    0.000338   -0.001984    0.015816   -0.009988    0.005606   -0.002276    0.016920   -0.004046   -0.000493    0.001116 
   0.010145   -0.006423    0.016031    0.006849    0.001377    0.003087    0.008398   -0.005420   -0.011870    0.020124    0.007614   -0.009088    0.006809    0.009701   -0.012835   -0.017168   -0.004020    0.006472    0.001289   -0.006618   -0.019622    0.000450    0.002968    0.004824   -0.011975 
  -0.011957   -0.016605   -0.004042   -0.003970   -0.006212   -0.001144    0.009837    0.011565   -0.004712    0.006488    0.006872    0.012043    0.032472   -0.025018   -0.003485    0.015458   -0.005500    0.009829    0.001644    0.013707    0.011603    0.020179    0.007601   -0.003253   -0.000703 
  -0.004358   -0.006797    0.002406    0.005590    0.000076    0.002016   -0.013242   -0.014478   -0.011313   -0.013730    0.000127   -0.009926   -0.007512   -0.001762    0.000332   -0.026193    0.006534    0.011914   -0.008629   -0.000090    0.014862   -0.010451    0.005394    0.001748    0.003212 
  -0.004858    0.004183   -0.016079    0.013788    0.000868   -0.002237   -0.010537   -0.004235   -0.001733    0.005280    0.020225   -0.010206   -0.002644    0.009514   -0.006363   -0.002761    0.002143   -0.005159   -0.002125    0.003582   -0.014711   -0.013711    0.004946   -0.006714    0.004789 
   0.011431   -0.002311    0.000179   -0.011808    0.001773    0.014971    0.010535   -0.006808    0.005620    0.007044   -0.018088   -0.002464   -0.015954   -0.016565    0.003662    0.018719   -0.013775    0.009872   -0.010443   -0.002717   -0.003891   -0.002691    0.000736    0.003590    0.027878 
   0.012773   -0.004064   -0.011282    0.026425    0.006201    0.009167    0.004030    0.009559   -0.003085    0.001441    0.002635   -0.017833    0.020798   -0.002502   -0.007507    0.005334    0.001037   -0.011469   -0.008980    0.017722   -0.008886   -0.000469   -0.002213    0.001414   -0.023386 
   0.003600   -0.002389    0.018713   -0.008543    0.007567    0.004288   -0.004735   -0.003458   -0.003225    0.003606   -0.014617   -0.009734   -0.011025    0.015706    0.009715    0.005342    0.009496   -0.013931   -0.005752   -0.014845    0.004342   -0.014376    0.001047    0.007816    0.005433 
   0.013390    0.003592   -0.006747   -0.002283    0.027802    0.010713   -0.001912    0.005146   -0.004808    0.023749   -0.016055    0.001648    0.023781   -0.006700    0.000236    0.007401    0.001281    0.007127    0.004373   -0.006521   -0.000354   -0.015872   -0.007477    0.009984   -0.014619 
  -0.009628    0.008679    0.000625   -0.000541    0.024893    0.004421   -0.001791   -0.006784   -0.009785   -0.005733   -0.012426    0.006202   -0.017839    0.007787    0.005759    0.005292    0.011204    0.013208    0.001121   -0.006242    0.012902   -0.002116   -0.011879   -0.006572    0.006881 
   0.010906    0.001416    0.020718    0.009605    0.015641    0.013006    0.003642   -0.011681   -0.014122    0.007173    0.000749   -0.009489    0.003940   -0.008438   -0.017196    0.000472   -0.006967    0.008726   -0.011840    0.004537   -0.005931    0.023082   -0.015228    0.006378   -0.002225 
  -0.007012    0.009360    0.003344   -0.015499   -0.002658   -0.004312    0.013532    0.002537   -0.011672    0.012644    0.013035    0.012353    0.012062   -0.009704   -0.005657   -0.000224    0.009364    0.004654   -0.004204    0.006482    0.013285   -0.005028    0.005979    0.004259    0.006614 
   0.001043   -0.002157    0.002680   -0.002709   -0.008017   -0.013978    0.015784   -0.002918   -0.003706   -0.002154   -0.002656   -0.011469   -0.010377    0.011673   -0.015219   -0.015394    0.002886   -0.000063    0.000717   -0.001808   -0.008485   -0.007200    0.008935    0.001408    0.001832 
   0.002821   -0.007789   -0.002392   -0.003252    0.008880   -0.001584   -0.003761   -0.009204    0.005859    0.001825    0.006864    0.008008   -0.005786   -0.009704    0.015533    0.008288    0.015406   -0.003095   -0.001253    0.008708    0.012542    0.010192   -0.004711   -0.003456   -0.005862 
  -0.012213   -0.002393    0.001085   -0.004777   -0.006336    0.002571   -0.011667   -0.000959    0.000757    0.001363    0.012516    0.008234    0.004755   -0.007461   -0.001845   -0.011464   -0.000892   -0.008213    0.013795    0.014533   -0.002738    0.003553   -0.000922   -0.006063   -0.002477 
  -0.015451    0.008522    0.007421   -0.010126   -0.005863   -0.005988   -0.004421   -0.006276    0.003287   -0.003385   -0.001411    0.011365   -0.014334    0.001064   -0.017668   -0.014129    0.006676   -0.003231    0.001869    0.031934   -0.008176    0.001603    0.007350    0.008057    0.010478 
   0.006476    0.001490    0.007366   -0.008249   -0.018104   -0.010357   -0.013772    0.009524   -0.007861    0.016271    0.002924    0.001593    0.011298    0.004340    0.003542    0.008401    0.004830   -0.006850    0.011946    0.000559    0.000317   -0.007227    0.011433    0.002732    0.007715 
   0.001173   -0.006078   -0.004882    0.009980   -0.000256   -0.014913    0.015752    0.016717   -0.002381   -0.003424    0.024567    0.000606    0.013854   -0.013828    0.008745    0.015366   -0.008638   -0.001802    0.000578    0.000904    0.004778    0.005444   -0.003718   -0.003084   -0.012609 
  -0.010661    0.000995    0.000820   -0.002453    0.001892   -0.004211   -0.013290   -0.007819   -0.000342   -0.001136   -0.006968    0.012913   -0.009071    0.008697    0.000636   -0.022058    0.007212    0.002305   -0.000517   -0.008562    0.002197   -0.007562   -0.000130   -0.009273   -0.000344 
   0.005128   -0.004993   -0.005151   -0.004935    0.004145    0.006814    0.002086   -0.020969    0.013176   -0.012580    0.005226    0.002461   -0.011606   -0.005613    0.005533   -0.015357   -0.008889    0.007973   -0.021372    0.001316    0.003483   -0.009165    0.013031   -0.009486    0.002471 
   0.000798   -0.012669   -0.012668   -0.014217    0.005156    0.016601   -0.009085   -0.001998    0.019585   -0.005469   -0.020091    0.004635    0.001691   -0.004214    0.015797    0.016487   -0.012443    0.015499    0.000916    0.006487    0.013233   -0.012847   -0.008717   -0.001055    0.015424 
   0.006110    0.019764    0.007048   -0.009367    0.011438   -0.018312   -0.002141   -0.011904   -0.009176    0.005702    0.014228   -0.005075   -0.026397    0.004293   -0.008967    0.002802    0.002942    0.007433   -0.009242    0.005096   -0.000509   -0.006588    0.002931    0.001990    0.015909 
  -0.010016    0.005425    0.007347   -0.009357   -0.000167   -0.003693    0.000871   -0.000954   -0.016305    0.003901    0.012446   -0.010721    0.006007    0.006736   -0.003981   -0.012265    0.001512   -0.001173    0.018333   -0.007143    0.017984   -0.002827    0.016798    0.014115   -0.000262 
  -0.016814   -0.008201   -0.006094   -0.013379    0.003280    0.015560   -0.015996   -0.004812    0.008598    0.001238   -0.021999    0.008882    0.006429   -0.000211    0.013511    0.018553    0.000227   -0.002453    0.012594    0.000476    0.021446    0.000674    0.013588   -0.001231    0.001505 
