   0.001011    0.018920   -0.003679    0.022358   -0.003477   -0.018100   -0.000344    0.015903    0.000175    0.007311    0.007073   -0.015578    0.003392    0.022042   -0.012738   -0.023531    0.013845    0.009265   -0.003856    0.001490   -0.010922    0.003495    0.006873    0.008245   -0.025896 
   0.000229    0.000987    0.010743   -0.008246    0.010905    0.008495    0.004785   -0.009058    0.007861   -0.003650    0.025984   -0.007904   -0.002793   -0.007769   -0.009635   -0.002883   -0.008160    0.014407   -0.011228    0.032035   -0.003639   -0.004786    0.003109    0.007490   -0.000101 
  -0.018912   -0.012574    0.016276   -0.015664   -0.011014   -0.010749   -0.023536    0.005349    0.002459    0.000378    0.003895   -0.006512    0.002706    0.010508   -0.002816    0.001974   -0.006223    0.000611    0.006386    0.003404    0.014907   -0.011691    0.011669    0.016415    0.002817 
   0.012291    0.006832   -0.005432   -0.014582    0.001006    0.001576    0.001133   -0.011690   -0.002373    0.009148    0.007028    0.004706   -0.000829    0.000038    0.003132   -0.001887    0.000369   -0.000513   -0.006804    0.015474   -0.004971    0.003433    0.002880   -0.009497    0.003648 
  -0.009378   -0.017162    0.008878   -0.003958   -0.015513    0.013646   -0.013865    0.008060   -0.003402   -0.009930   -0.010052    0.009720    0.011836   -0.004039    0.000014   -0.017323   -0.011348    0.004025    0.001436    0.008813   -0.007972    0.011693   -0.007324    0.002547   -0.014384 
   0.014688    0.000834   -0.001724    0.013501    0.016446    0.002255    0.021274   -0.002918   -0.002719    0.000323    0.004477   -0.006230    0.005405   -0.016750    0.003968   -0.009157    0.004165    0.003375   -0.016895    0.004739   -0.003023    0.007188   -0.005508   -0.008259   -0.015217 
  -0.004600    0.001489    0.015714   -0.007431   -0.007290   -0.015660    0.002743   -0.015677   -0.008911   -0.029610    0.004444   -0.000018   -0.028148    0.000041    0.000322   -0.005034   -0.003758    0.005097   -0.008820    0.006821   -0.001672    0.003595   -0.010633   -0.008341    0.009945 
  -0.002794   -0.002564   -0.005987   -0.000860   -0.004702    0.000868   -0.007601   -0.002635   -0.001657   -0.022506    0.000857    0.002964   -0.010461    0.003778    0.000340   -0.007587    0.000783    0.002565    0.004264    0.007391    0.000690   -0.004683    0.002661   -0.015483    0.004972 
  -0.016563   -0.005814    0.017383   -0.004837    0.005777   -0.022359   -0.014619   -0.013851   -0.000811   -0.009711   -0.003268   -0.000062   -0.014353    0.024629   -0.002806   -0.016601   -0.003117   -0.002889    0.012993   -0.005570   -0.008953   -0.017258    0.002950   -0.001505    0.009060 
   0.005022    0.009318   -0.011138   -0.000582   -0.001178   -0.008521    0.004732   -0.010293   -0.009005    0.017264    0.024408   -0.005366    0.007652   -0.022509   -0.010551    0.002178   -0.010755   -0.000882   -0.001797    0.016146    0.000932    0.007221   -0.012656    0.004552    0.002373 
   0.009195    0.010700   -0.020040    0.005663    0.005481    0.001280    0.009634   -0.001422   -0.000594    0.000869    0.003802   -0.002219    0.004093   -0.000525    0.009523    0.029327   -0.014306    0.000002   -0.002852   -0.018335   -0.010114    0.002640   -0.015994    0.011947    0.009764 
   0.009794   -0.000700   -0.000090    0.006223    0.000544    0.017286    0.017742   -0.004105   -0.005545    0.004760   -0.026344   -0.008544   -0.008925   -0.005977    0.007406    0.016367   -0.001874   -0.005774    0.003647   -0.025406    0.013477   -0.008541    0.006290    0.001493   -0.005452 
   0.006809   -0.004906   -0.002970   -0.011269    0.009137    0.001455    0.016387    0.001221    0.010446   -0.014962   -0.010061   -0.004010   -0.005395   -0.011882    0.006880    0.005349    0.000897    0.001234   -0.007137    0.003205   -0.005574    0.010971   -0.005635   -0.006313    0.003748 
   0.012123   -0.013810    0.019884    0.000430   -0.009550   -0.000570    0.006338   -0.002771   -0.010834   -0.000617    0.004877   -0.011443   -0.006296    0.014361    0.003534   -0.001114   -0.005306   -0.004265   -0.002533    0.009754   -0.006381   -0.006631    0.010075   -0.017129    0.004145 
   0.011860    0.010792    0.009118   -0.010595   -0.014789    0.001323    0.003783   -0.003666    0.000624    0.003600    0.016854    0.015851    0.012665   -0.000569    0.008054    0.011044   -0.008368    0.003459    0.010133    0.009535    0.001073    0.006640   -0.006939    0.013113   -0.010688 
   0.010465    0.007860    0.002047    0.005750    0.019275   -0.007120    0.003635    0.015456    0.005569    0.019446    0.009619   -0.008461    0.002015   -0.008010   -0.008201    0.011491    0.006067    0.013560   -0.006821   -0.001177   -0.003680   -0.010204    0.000695    0.014380   -0.000817 
  -0.003786   -0.008750   -0.000417    0.004571   -0.000052    0.006714    0.011948    0.014314   -0.007016   -0.009613   -0.013110    0.007537   -0.000854   -0.001537   -0.007806    0.010649    0.002393    0.010684   -0.000274   -0.003462   -0.001201    0.006996    0.010956   -0.010571   -0.007388 
  -0.000726    0.002492   -0.004488   -0.009746    0.004412    0.008724    0.009367    0.003013   -0.003273    0.004475   -0.005253    0.005850    0.009523    0.000173   -0.006095   -0.007803   -0.015046   -0.001594   -0.004687    0.006761   -0.012342    0.014339   -0.000868   -0.020620   -0.004743 
  -0.013036    0.008497    0.001391    0.016778    0.002647   -0.003777    0.005219   -0.010594   -0.018820   -0.002429    0.012400    0.000600    0.001512   -0.016459   -0.012916   -0.008641    0.004909    0.005443   -0.014463    0.008816    0.012692    0.016453    0.008323   -0.006289   -0.013710 
   0.001258    0.016074   -0.001784   -0.010888    0.011044   -0.012476    0.004833   -0.005576    0.005356   -0.011142    0.009384   -0.005636   -0.018186    0.000242   -0.012081   -0.014283    0.014081    0.003970    0.007276    0.016907   -0.015343   -0.012213   -0.001175   -0.001779    0.000912 
  -0.038774    0.034789    0.025108    0.050949    0.047417   -0.043185   -0.005642    0.051428   -0.029272   -0.041784    0.129011    0.089346    0.047782   -0.142587   -0.063372   -0.105088    0.021446    0.072194    0.021664    0.116881   -0.047455    0.654390    0.014477   -0.079932   -0.084552 
  -0.077295    0.038025    0.018783    0.060967    0.048286   -0.036008   -0.008296    0.053838   -0.037673   -0.043287    0.136426    0.096271    0.066676   -0.152307   -0.088259   -0.118332    0.010671    0.072026    0.036173    0.123762   -0.040446    0.666787    0.004894   -0.087778   -0.084002 
  -0.057591    0.036641    0.027524    0.044684    0.014004   -0.025210   -0.028722    0.056808   -0.042717   -0.010914    0.106912    0.092492    0.049284   -0.133273   -0.070786   -0.105255    0.033612    0.060900    0.043153    0.110453   -0.040854    0.653423    0.023919   -0.071721   -0.062150 
  -0.070462    0.035995    0.031360    0.051238    0.030852   -0.040280   -0.028802    0.053784   -0.045168   -0.041552    0.137690    0.088980    0.050144   -0.120889   -0.071292   -0.130833    0.012726    0.059670    0.042799    0.116550   -0.033326    0.643598    0.017074   -0.088912   -0.074574 
  -0.067341    0.019241    0.015475    0.057485    0.035491   -0.028533   -0.021007    0.062557   -0.017116   -0.024814    0.126576    0.091532    0.057867   -0.141451   -0.074818   -0.101520    0.018290    0.065647    0.034329    0.121151   -0.048944    0.655583    0.021786   -0.079111   -0.044797 
   0.008887   -0.004540   -0.008724   -0.008899   -0.001405    0.009739   -0.005797   -0.001818   -0.003629    0.003368   -0.030773    0.009014   -0.005056    0.016768    0.007249    0.003425    0.010332   -0.015752    0.019691   -0.010978    0.007687   -0.003402   -0.007691    0.007281   -0.009971 
  -0.004574    0.010827    0.008828   -0.016777   -0.022196   -0.012173   -0.007891   -0.005057    0.005697   -0.002886    0.005956   -0.001044   -0.001102    0.008374    0.019711   -0.023175    0.015570   -0.009419    0.008602    0.003613   -0.003818   -0.007807   -0.005344    0.018256   -0.002871 
   0.002747   -0.012781   -0.005146   -0.011995   -0.005731    0.004917    0.016538    0.012108    0.006965    0.002853    0.004911    0.007739    0.012121    0.016525   -0.005165   -0.007190   -0.017694   -0.007416    0.010247   -0.003454   -0.003151   -0.002789   -0.001746   -0.011021    0.004718 
   0.016708   -0.014546   -0.012792   -0.005723   -0.012594    0.011532   -0.008440    0.007033    0.001870    0.008673   -0.015166    0.008570    0.004153   -0.001453    0.003835    0.010423    0.003129   -0.004535    0.020572   -0.006098   -0.005960    0.016787   -0.007352    0.001294   -0.002821 
   0.004008    0.009923   -0.017212    0.002638    0.005346    0.009430    0.006325    0.000217    0.006775   -0.010083   -0.001196    0.002102   -0.011764   -0.002057    0.019661    0.009862    0.008275    0.008749   -0.007940    0.004956    0.000930    0.003123   -0.002360   -0.014039   -0.001995 
   0.015329    0.007730    0.010066   -0.009573   -0.008211   -0.005565    0.022560    0.011560   -0.006972    0.003406    0.001431    0.005891    0.003755   -0.014496   -0.002141    0.007510   -0.000507   -0.003624   -0.007140    0.021191   -0.006839    0.011409   -0.012366   -0.003295   -0.002026 
   0.002242    0.000398    0.007607   -0.001678    0.019328    0.005174   -0.015744    0.005521    0.004167   -0.005436   -0.005842   -0.000410    0.009721    0.004332    0.014679    0.015418   -0.002724    0.009312   -0.006496   -0.017215    0.004629   -0.000914    0.001618    0.002547    0.001290 
   0.011118   -0.006971   -0.017911    0.000927    0.001038    0.017678   -0.003017    0.006551    0.010110    0.009496   -0.005399   -0.000453    0.017621   -0.016911   -0.004683    0.007760   -0.007316   -0.001482    0.005874    0.008891   -0.000007    0.012287    0.005840   -0.000181   -0.003184 
   0.006673    0.011427   -0.001354   -0.024353    0.009999   -0.005960   -0.007057    0.002264    0.003182    0.002658    0.001036    0.007517    0.002384    0.005060    0.003533   -0.002067    0.001576    0.000761   -0.003203    0.005329   -0.011392    0.002937   -0.002448    0.002835    0.003024 
   0.016673   -0.008984   -0.010966    0.002507    0.023527   -0.000419   -0.009727   -0.000736    0.001573   -0.000552    0.002362   -0.013938   -0.015548    0.001442    0.002909    0.011814   -0.006695    0.001385   -0.017002    0.006799   -0.000424   -0.009117   -0.013028    0.013096   -0.004050 
   0.006410    0.001618   -0.002761    0.000329   -0.006212    0.009500    0.002534    0.009217    0.003282    0.000020   -0.006162   -0.004082   -0.011606    0.012896    0.009963    0.013197   -0.002954    0.000544   -0.011400    0.000402   -0.005091   -0.019677   -0.005879    0.005589    0.002789 
   0.001077    0.006464   -0.010224   -0.020406    0.013461    0.005199    0.005436   -0.009249    0.014255    0.000623    0.019970    0.004794   -0.008841   -0.022725    0.002415    0.012890   -0.001015    0.011170   -0.005284    0.015637    0.002509    0.005051    0.005449   -0.006265    0.018737 
   0.000722    0.007941    0.022679    0.006020    0.003752   -0.008911   -0.007627   -0.003995    0.010320   -0.013739    0.005280   -0.001511    0.007170    0.003435    0.011648   -0.000162   -0.007474    0.002348   -0.001818   -0.013867   -0.006844   -0.001126    0.011641   -0.005001    0.002810 
   0.021688   -0.005719    0.024199   -0.014338   -0.003931    0.006221    0.011547   -0.008919   -0.004108    0.010792   -0.005905    0.008139   -0.012817    0.007669    0.009004    0.013312    0.004862   -0.000943    0.003484    0.001659    0.002258   -0.008672    0.002958   -0.003594    0.004603 
   0.005604    0.002287    0.002979   -0.004644   -0.006502   -0.026723    0.005951    0.011908    0.010521    0.006623    0.004950   -0.002730    0.004052   -0.000327   -0.005048    0.000319    0.013330    0.002733    0.011786    0.009083    0.007880    0.002511   -0.002548    0.022288   -0.006546 
  -0.004113    0.014478    0.029385   -0.010818   -0.013451   -0.003651   -0.005994    0.002643   -0.011467   -0.002941   -0.000321   -0.005154    0.003245   -0.000545   -0.016353    0.005528    0.012326   -0.007640   -0.001440    0.006019   -0.006837   -0.009569    0.000766    0.008896    0.015679 
  -0.002915    0.000012    0.001134    0.018737    0.017245    0.005761    0.012467   -0.010574    0.008637    0.000032   -0.002617    0.002254    0.001535   -0.012201    0.005483    0.006805   -0.011124    0.011438   -0.019374   -0.014418   -0.004367    0.004492   -0.011862    0.001016   -0.005983 
   0.009095    0.008310    0.003251    0.012644    0.009486   -0.012428    0.003381    0.000687   -0.000132   -0.012882    0.018936    0.000244   -0.010149    0.000293    0.003243    0.008647    0.001938    0.002524   -0.010780   -0.005476   -0.003099   -0.008505   -0.004171   -0.002202   -0.007348 
  -0.010352   -0.001609   -0.003335    0.002754   -0.010055   -0.004819   -0.017344   -0.006159    0.008222    0.013318   -0.000442   -0.008699    0.002885    0.005930   -0.012893   -0.011401    0.010984   -0.001238   -0.004663   -0.002030   -0.007648    0.018650    0.019685    0.012360    0.002834 
   0.008809   -0.000982   -0.001145   -0.002751   -0.007195   -0.001286   -0.001652    0.002668   -0.007257    0.000205   -0.007361   -0.007265   -0.008029   -0.002080    0.011584   -0.006503    0.007808   -0.008761    0.000115    0.008560    0.003329   -0.000618   -0.003636   -0.002110   -0.003508 
   0.008724    0.009011   -0.001187    0.008230    0.000587    0.004637   -0.002960   -0.003633    0.003865   -0.008206   -0.001731   -0.004429   -0.007228    0.004414    0.004136   -0.008511    0.000427   -0.006105   -0.004643    0.003182    0.001851   -0.001521    0.001111    0.006552   -0.007563 
  -0.006660    0.002377    0.000606    0.007752    0.007857    0.003526   -0.003036   -0.005523    0.005594    0.014169   -0.018551    0.000150   -0.004828   -0.002629    0.008814    0.001985    0.002871    0.006370   -0.000061   -0.001496    0.009594   -0.003705   -0.003468    0.017020   -0.004727 
  -0.010988    0.018509   -0.005851    0.001242   -0.012531   -0.003883    0.001236   -0.013560   -0.010441    0.010608    0.006994    0.006066   -0.003412    0.008031   -0.011227   -0.005000    0.010885   -0.006842    0.009058    0.007085   -0.002616   -0.021471   -0.002884   -0.001497   -0.000279 
  -0.010937    0.008126   -0.000899    0.004427   -0.011932   -0.024293   -0.008797    0.006643    0.007983    0.004213    0.012428   -0.009922   -0.001512   -0.005199    0.007395   -0.017190    0.026835   -0.001878    0.008848   -0.000661    0.006722   -0.003811   -0.007400    0.015672    0.008577 
   0.004174   -0.000167   -0.000347    0.000299   -0.000144   -0.009321    0.007540    0.003628   -0.003964   -0.000551   -0.000334    0.010761   -0.005876    0.001902   -0.011664   -0.010422    0.000335    0.011127   -0.012222   -0.010612   -0.011803    0.000863    0.013205   -0.007994    0.003147 
  -0.004827   -0.000308    0.010111   -0.015409    0.007301   -0.008505   -0.005470    0.018118   -0.007528    0.003032   -0.014950    0.003297   -0.006438    0.021016    0.009864    0.008186    0.015737    0.007902    0.014057   -0.022379    0.024567   -0.006598    0.027744    0.000805    0.008630 
   0.007378   -0.014394   -0.004202    0.009061   -0.004669    0.012139    0.014064   -0.005771   -0.009153    0.001437   -0.004628   -0.012682    0.011984   -0.016243   -0.011913    0.011297   -0.015237   -0.007450    0.004221    0.013812   -0.000380   -0.007600   -0.022392    0.006352   -0.005877 
  -0.001257   -0.017107    0.002107   -0.002288    0.001002    0.018682   -0.007313    0.016170   -0.010774   -0.008294   -0.024925    0.008357    0.003592    0.000040    0.026207    0.011296    0.005966   -0.002200    0.000754   -0.007857    0.027446    0.004520    0.015155   -0.005752   -0.004700 
   0.004657   -0.008585   -0.007770    0.010583    0.000399    0.020345   -0.005824   -0.001076    0.003571   -0.002869   -0.009671    0.011101    0.013852    0.002763    0.010785    0.015728   -0.000027   -0.003367    0.003822   -0.008029   -0.001209    0.014952   -0.007072    0.013970   -0.002374 
   0.001267    0.001230    0.008902   -0.010038   -0.006776   -0.009487   -0.014771    0.009424   -0.014578   -0.007595   -0.007033   -0.009999   -0.014427    0.023927    0.004416   -0.005667   -0.003518   -0.011476    0.003324    0.009852   -0.005695   -0.022067   -0.013402    0.005210    0.005646 
   0.002116    0.012591    0.004852   -0.022802    0.005442   -0.001100    0.004549    0.012133    0.000836   -0.006107    0.012912    0.026109    0.027403   -0.002940   -0.002429   -0.005662    0.002097   -0.008064    0.026845   -0.007676    0.005810   -0.002259    0.000769   -0.009724   -0.000154 
  -0.014937   -0.017808    0.009098   -0.005858   -0.005333   -0.004454   -0.002322   -0.010767    0.002276   -0.002379    0.000610   -0.003721   -0.002645   -0.000369    0.009108   -0.004789    0.003548   -0.009025   -0.005825    0.001561    0.003494    0.002622   -0.005959    0.002773    0.013914 
  -0.006111   -0.007035   -0.017930    0.005080    0.016914   -0.002871    0.001604    0.030608    0.001724    0.002793   -0.015939   -0.001449    0.007159   -0.024016    0.016135    0.032360    0.001552    0.016989   -0.013305    0.005038    0.001855    0.002845   -0.000517    0.003977   -0.005451 
   0.003476    0.008722    0.009613    0.005723    0.008009    0.006126   -0.007956   -0.002065   -0.017905    0.014165   -0.001876   -0.016562    0.013985   -0.007353   -0.011172    0.003430   -0.000469   -0.014864   -0.006793   -0.008738    0.006889   -0.000403    0.000397    0.011053   -0.017930 
  -0.007150   -0.003460    0.015127   -0.023233   -0.005821   -0.011104    0.006773    0.003967   -0.000662    0.003665    0.016502    0.008133    0.009327    0.013533    0.002129    0.011892    0.000716   -0.012994    0.011093    0.008146   -0.004918   -0.005583    0.001650   -0.009408    0.021162 
  -0.006942   -0.014441    0.008913   -0.017630   -0.010861    0.013405   -0.001376   -0.010518   -0.011493   -0.001086    0.012304    0.006537   -0.001917   -0.009619   -0.010744    0.007581   -0.014735   -0.001271    0.002460    0.011420   -0.006511    0.023202   -0.003920   -0.012176    0.006926 
  -0.007543   -0.003951   -0.004258    0.000645   -0.005311   -0.014057    0.002745   -0.015277    0.005352    0.001811    0.001102   -0.023752   -0.000170   -0.005162   -0.013724   -0.005206   -0.010823    0.011501   -0.018588    0.009449   -0.017112    0.009497   -0.002629    0.006906    0.008677 
  -0.011411    0.019680    0.008195    0.000188   -0.006501   -0.006766    0.015368   -0.008685    0.016261    0.010036    0.000874   -0.000049   -0.001631   -0.002008   -0.001831   -0.014684    0.009836   -0.004091    0.000776    0.012588    0.009564    0.000036    0.014678    0.019955    0.001027 
  -0.006820    0.002740   -0.007191   -0.000576   -0.002730   -0.013619    0.007740   -0.006720   -0.001194    0.007134    0.008116    0.014638    0.004527    0.005173   -0.000018    0.005502   -0.007564   -0.003359    0.012173    0.005043    0.004837    0.005138   -0.000335    0.001730   -0.005640 
  -0.000319   -0.013807   -0.008393   -0.016558    0.007243    0.003683    0.010840    0.009260   -0.000562    0.007118   -0.006240    0.015287    0.009517   -0.013099   -0.005646   -0.005106   -0.002545   -0.002817    0.029442    0.009944    0.003385    0.003623   -0.006367    0.004953   -0.005325 
   0.012463   -0.003019   -0.003407   -0.022736   -0.001489   -0.004229   -0.019338   -0.008577   -0.012249    0.005402   -0.009985    0.002204   -0.005729    0.021793    0.004363   -0.007335    0.001443   -0.007821    0.012544   -0.002345    0.002500   -0.028310    0.017395   -0.002074    0.008480 
   0.004042   -0.004132   -0.001645   -0.015205   -0.013922    0.008390    0.002399   -0.011759   -0.010697   -0.005818   -0.009483    0.003172    0.000980    0.001033    0.005062   -0.002090   -0.005961   -0.014865    0.017411   -0.011372   -0.009369    0.008814    0.008663   -0.004221    0.016077 
  -0.003625   -0.006458   -0.006536    0.001514    0.001120   -0.002353   -0.020810    0.006152    0.011916   -0.005332   -0.002316   -0.008433    0.000810   -0.003939   -0.015189   -0.001346    0.001447    0.007766    0.002960   -0.005977   -0.004041    0.017825   -0.002986    0.012798   -0.004489 
   0.002184   -0.009757    0.008355   -0.007527   -0.010064   -0.003064    0.004699    0.015262    0.000525   -0.002790   -0.013156    0.008686    0.004830   -0.011364    0.010855    0.019206    0.005734   -0.006166    0.000764   -0.012805    0.014015   -0.000161    0.000838   -0.003348    0.006336 
  -0.011581   -0.003323   -0.010722    0.004844    0.008548   -0.013396    0.001599    0.003548    0.010552   -0.010105   -0.008847    0.004238   -0.011578    0.001886    0.006779    0.009944    0.004578   -0.005779   -0.012927    0.003543   -0.005183   -0.012187   -0.004377    0.014763   -0.008542 
   0.004844    0.010252    0.006098    0.003594   -0.012531    0.009162    0.011837    0.001530   -0.002124   -0.006263   -0.004574    0.003530    0.006250    0.005369    0.012697    0.001946   -0.013593   -0.018051    0.011529   -0.003482    0.009222    0.022735   -0.003063   -0.010090   -0.010068 
  -0.008896    0.001923    0.024916   -0.004541   -0.010003   -0.014496    0.011425    0.016347   -0.011462   -0.006699    0.005753    0.004693   -0.009454    0.003660   -0.015465   -0.012665   -0.009794   -0.006278    0.004993    0.012624   -0.010557    0.018519    0.010404   -0.006636    0.006543 
  -0.006249    0.016396   -0.001920    0.008107   -0.000814   -0.004351   -0.015816   -0.002412    0.006924   -0.005199    0.005973   -0.006836    0.001127    0.005396   -0.002278   -0.010363   -0.005066    0.003428    0.003624   -0.005846   -0.006108   -0.008861    0.001871    0.008211    0.004757 
  -0.007988   -0.008148    0.000782   -0.010531   -0.013379    0.001827   -0.002718    0.018104   -0.011435    0.004857    0.003801    0.012079    0.010210    0.021128   -0.004923   -0.009039   -0.001514   -0.008507    0.015604   -0.008797   -0.000069   -0.003165    0.009334   -0.014031   -0.005258 
   0.000187    0.004403    0.003042    0.000423    0.007375   -0.008898   -0.011076   -0.006370   -0.015580   -0.000997    0.018476    0.000407   -0.002510   -0.003201   -0.004187   -0.010869    0.015307    0.002504   -0.002818    0.011267   -0.003826    0.002204    0.004322   -0.015612    0.006776 
   0.006260    0.005086   -0.008526   -0.002284    0.002277   -0.003035    0.004674    0.000195   -0.015942    0.003379    0.006035   -0.007295   -0.017621   -0.014820    0.009837    0.008335   -0.014159    0.006936   -0.012942    0.003841    0.011472    0.012504   -0.001407   -0.010246    0.012074 
  -0.007949   -0.000115    0.007323    0.009352   -0.024518   -0.013538   -0.005551    0.004618    0.004542    0.018976   -0.000368    0.012170    0.006641   -0.004964    0.003484   -0.009257    0.012225    0.005387    0.009577   -0.007213    0.006516    0.002203    0.001481    0.003708   -0.017097 
   0.006332    0.009331   -0.007200    0.004750    0.006618   -0.015419    0.013502    0.007161   -0.011306   -0.000740    0.004191    0.000773   -0.005310    0.015259    0.009206    0.000193    0.003949   -0.005369    0.011087   -0.010126    0.008742   -0.009131   -0.003449   -0.001939   -0.018941 
  -0.008453   -0.005563   -0.011456    0.004416   -0.009494    0.010233   -0.004014   -0.009299   -0.005669    0.006251    0.008136   -0.019775    0.005347    0.005095    0.006231   -0.008069    0.003809   -0.019026    0.012645    0.006847    0.005103   -0.006538    0.002530    0.016417    0.001509 
   0.006190   -0.013406    0.003758   -0.002784   -0.013685    0.005291    0.013744    0.011724    0.010032    0.017428   -0.007518   -0.018011    0.009163    0.012408    0.002516    0.013484   -0.006855   -0.033531    0.018284   -0.010560    0.010815   -0.003539    0.005601   -0.000577    0.005231 
  -0.001676    0.004984   -0.004891    0.019612   -0.006593   -0.002780   -0.002007   -0.006667   -0.007196    0.000386    0.003979   -0.005071   -0.007917    0.011602   -0.007886    0.006683   -0.002432   -0.009608    0.001402    0.005200    0.012316   -0.014072   -0.011922   -0.001810   -0.000894 
  -0.006818    0.001430   -0.010734    0.012455   -0.013335   -0.009330   -0.000939   -0.002650    0.006970    0.006675   -0.019922   -0.010838    0.005983    0.013957    0.005195   -0.022572    0.005417   -0.008064    0.014239   -0.012508    0.004446    0.007541    0.007699    0.006407   -0.006748 
  -0.002456   -0.004445    0.011233   -0.025195   -0.010379    0.003546   -0.009316    0.011631   -0.003818    0.014040   -0.017302    0.017378    0.002061    0.005952    0.021562   -0.005380    0.015118   -0.013582    0.010721   -0.015331    0.022026   -0.000527    0.016599   -0.003695   -0.016945 
  -0.013540   -0.008524   -0.001556    0.002043    0.021583   -0.011722    0.001262    0.005024    0.005771   -0.011029    0.011485    0.010165   -0.008917   -0.020058    0.001073    0.010277    0.000692    0.017341   -0.006622    0.003746    0.019802    0.000593   -0.002354   -0.012946    0.005189 
  -0.001984   -0.001143   -0.012706   -0.003700    0.014360    0.003384    0.010814    0.003115    0.006040    0.002677   -0.009630    0.005211    0.005120   -0.000848    0.015897    0.009347   -0.006183   -0.000555    0.002755   -0.009698   -0.002214   -0.012804   -0.014549    0.009943   -0.013028 
  -0.011576   -0.009675   -0.014387    0.003406    0.009253    0.005613   -0.001772    0.010879    0.003497    0.004069   -0.005251    0.005714    0.008213   -0.000042   -0.004758    0.006094    0.001476    0.011391   -0.004841   -0.013184    0.007504    0.006803    0.000887   -0.007306   -0.004294 
  -0.007563   -0.012498    0.005964   -0.011148   -0.010980    0.006061    0.004809   -0.000664   -0.009093    0.010658    0.015860    0.019430   -0.003666   -0.002118   -0.014689    0.017351   -0.003341   -0.007767    0.007929    0.017800    0.007276    0.010649    0.003957   -0.016237    0.013131 
   0.012419    0.000239    0.005829   -0.016257   -0.000866   -0.001841    0.022652    0.018859   -0.002744    0.010747   -0.006112    0.016653    0.004016    0.006114    0.012475    0.014338   -0.014852   -0.025631    0.023815    0.008397   -0.001697    0.003037    0.008117   -0.016960    0.009488 
   0.004776    0.019714   -0.001739    0.001062   -0.020790   -0.005916    0.000083   -0.000181   -0.006741    0.017312    0.001137    0.001914   -0.007238   -0.010657    0.005093    0.005957   -0.001407   -0.006594   -0.001388   -0.003524    0.003551   -0.005905    0.013516   -0.006467   -0.002487 
  -0.011582   -0.013919    0.002648    0.015310   -0.002793    0.012238    0.010732   -0.004087    0.008954   -0.007282   -0.014294    0.013884   -0.001130    0.004279   -0.003053    0.000602   -0.002621   -0.002059   -0.001363   -0.007734    0.007918   -0.000056   -0.007033   -0.010318   -0.005706 
   0.005316    0.005098    0.012272    0.010005    0.002776    0.001572    0.001026   -0.010285   -0.007156    0.007280   -0.001243   -0.009770   -0.005381    0.006348    0.012477   -0.003503    0.016194    0.006574   -0.010242   -0.013726   -0.001265   -0.009070   -0.016535    0.001310    0.006062 
  -0.003078   -0.007726    0.006430   -0.000091    0.002578    0.007859    0.000587   -0.012494   -0.004035    0.005349    0.022054    0.002463   -0.010025    0.002904   -0.006161    0.001701   -0.004718   -0.000357   -0.013303    0.020888    0.016403   -0.004611    0.009056    0.000886   -0.006276 
   0.000893   -0.009608    0.001763    0.028807   -0.003702    0.000741    0.019475   -0.002405    0.007968   -0.007938    0.011937   -0.003929    0.007945   -0.014785   -0.015755    0.016105    0.000927    0.004677   -0.004196    0.003394    0.010338    0.002811   -0.001468   -0.007629   -0.010592 
   0.003923    0.007061    0.022209    0.000337    0.003482    0.008199   -0.011475   -0.003832    0.001395    0.004062   -0.001253    0.008092    0.001575    0.013840   -0.001262    0.002153   -0.004675    0.000948   -0.003018   -0.025327    0.002077   -0.014057    0.003803   -0.002786   -0.005143 
   0.009727    0.004373   -0.016970    0.007866   -0.000008   -0.009920    0.009084   -0.010702   -0.005639    0.000518    0.015978   -0.004785   -0.003643    0.010081    0.001065    0.010094   -0.005585   -0.005670    0.001681   -0.000159   -0.005692    0.003561   -0.010464   -0.012551    0.000684 
  -0.018606    0.006786    0.003181   -0.000087   -0.005397   -0.003086   -0.012705   -0.003961    0.000982   -0.011131   -0.008678   -0.003362    0.001349   -0.016954   -0.000269    0.008912    0.019230   -0.008577    0.002264    0.001752   -0.000091    0.009604   -0.002353   -0.003974    0.008347 
  -0.009313    0.006587   -0.008736    0.010456   -0.000384   -0.002902    0.004255   -0.000442    0.004417   -0.002194   -0.003869   -0.015965   -0.017246   -0.013868   -0.005635    0.013375   -0.000507    0.002748   -0.010365    0.005167    0.017535   -0.010718   -0.008106    0.009728    0.004063 
  -0.006253   -0.002452    0.006478    0.007416    0.001291    0.003033    0.005280   -0.007955   -0.004795   -0.022186    0.012240   -0.009520   -0.015839   -0.000901    0.008838    0.006809   -0.004761    0.014047   -0.028496    0.006118   -0.010273    0.000854   -0.013640   -0.005540    0.006413 
   0.022811    0.003781   -0.007309    0.005199    0.000905    0.007012    0.013783    0.015270   -0.003513    0.004436    0.006705    0.002191   -0.010882    0.001916   -0.005525    0.005601   -0.000867    0.006018   -0.007641    0.016114   -0.010702   -0.009239    0.001014   -0.035446    0.006053 
   0.009051    0.008350   -0.007633   -0.009394   -0.001926    0.011066    0.019069    0.015271    0.003525   -0.002331   -0.001825    0.029689   -0.009444   -0.003905    0.014617    0.012226   -0.003023    0.013711    0.005238   -0.010975   -0.014483    0.000451   -0.013776   -0.009797    0.009133 
   0.014322    0.011500   -0.004913    0.008700    0.000871    0.007389   -0.001125   -0.005591    0.010828   -0.007050   -0.002019    0.002875   -0.005405    0.005375   -0.000266    0.002001    0.003543   -0.000213   -0.005643   -0.002091   -0.009607    0.009281   -0.002722   -0.017468    0.006936 
  -0.003352    0.017995    0.004169    0.018940    0.009102   -0.016777   -0.001031   -0.008571   -0.006445   -0.011412    0.013175   -0.016028   -0.021078   -0.009221    0.003386   -0.009889    0.010830    0.003728   -0.010882    0.000336    0.003716   -0.000298   -0.007129   -0.000856    0.001434 
  -0.020276    0.006800   -0.010999    0.001911    0.001754   -0.014727   -0.013005   -0.019120    0.004103   -0.004344   -0.003111    0.001601   -0.013546    0.003532   -0.003698   -0.020328    0.005754    0.001956    0.003184    0.007849   -0.000934    0.005665   -0.001862    0.018826    0.002808 
  -0.001595    0.017455    0.007003    0.000480   -0.005979    0.005696   -0.006298    0.000505   -0.000787    0.006425    0.008909   -0.018851    0.004469    0.006968   -0.008827   -0.021816    0.001171   -0.012811   -0.008413   -0.010095   -0.006867    0.005659   -0.002730    0.003387    0.003760 
  -0.001867   -0.009604   -0.004155   -0.003518   -0.014838    0.003133    0.011133    0.002846   -0.008035    0.001835    0.011242   -0.000890    0.007755   -0.010482    0.000554    0.013131   -0.006667   -0.013000   -0.007002    0.015065   -0.007683    0.021112   -0.008979   -0.011322    0.009227 
  -0.000255    0.001691   -0.008153   -0.001637   -0.001526   -0.015753   -0.006018    0.010037    0.005882    0.010813   -0.006106    0.006137    0.011905    0.008000    0.004423   -0.017806    0.004982   -0.010974    0.014803   -0.006401   -0.009533   -0.006125   -0.001655    0.012392   -0.006701 
   0.004765   -0.016964   -0.012120   -0.010114    0.008536    0.021793   -0.002451   -0.001457   -0.004264   -0.004143   -0.018241    0.005420   -0.009725   -0.003264    0.008959    0.012480   -0.008049    0.006993    0.009256   -0.001813   -0.000814    0.002959   -0.011159    0.001752    0.012716 
  -0.007106    0.006248    0.002671    0.005279   -0.006898   -0.012033    0.008472    0.001802   -0.000691   -0.003722   -0.012079   -0.010490    0.015986   -0.005658   -0.014312   -0.008170   -0.001998   -0.003065    0.012440   -0.001085    0.003315    0.008034    0.007617   -0.000442    0.000041 
   0.010161   -0.008800   -0.011942    0.006894    0.002623    0.015824    0.019244   -0.006032   -0.008384   -0.010913    0.021284    0.002701    0.008423   -0.045410   -0.016409    0.012907   -0.021974    0.013548   -0.005887    0.017502   -0.001393    0.010553   -0.008895   -0.018952    0.002557 
   0.007985    0.010793   -0.004843    0.007619   -0.010305   -0.001718    0.004258    0.002847    0.011335   -0.010674    0.021202    0.000507    0.003784    0.002422   -0.015386   -0.008589   -0.014407   -0.004351    0.003002   -0.001014   -0.012588    0.002569    0.001161   -0.019395    0.000129 
  -0.005472    0.007526   -0.002347    0.011393    0.009449   -0.000511    0.008770    0.000263    0.000508   -0.001158    0.006135    0.002551   -0.009203    0.015321    0.004849   -0.006281   -0.001873    0.007117   -0.007015   -0.003482    0.004093    0.003848    0.006682    0.000556    0.001527 
   0.003448   -0.021210    0.000040    0.006093   -0.004529    0.010920   -0.000606   -0.009944    0.001103   -0.001027   -0.022963   -0.006514   -0.009658   -0.001864    0.016990    0.007965    0.011392   -0.001514   -0.016686    0.002679    0.009024   -0.003211   -0.007247    0.003353    0.011109 
  -0.004069    0.002926    0.003760   -0.007918    0.009852   -0.002210    0.000114    0.007087   -0.003611   -0.003262   -0.015234    0.024671    0.000441    0.002828    0.014956   -0.008006   -0.002139   -0.005678   -0.002378    0.001175    0.001286    0.008005   -0.011603   -0.011805   -0.002560 
  -0.006401   -0.002909    0.009023    0.008206   -0.006416    0.000262    0.006931    0.000055   -0.007383   -0.000781    0.002486   -0.004605    0.000914   -0.008186   -0.010109    0.002074    0.000323    0.018751   -0.012685   -0.016639    0.000246   -0.006552    0.010083   -0.006430   -0.007560 
   0.008015   -0.009120   -0.000799   -0.000423    0.015593   -0.006091    0.002427   -0.006343    0.005569    0.003367   -0.006408    0.010520   -0.001092    0.005961   -0.005862   -0.000670   -0.000246   -0.001937   -0.005741    0.000408    0.003802   -0.006010   -0.001399   -0.000673    0.002250 
  -0.008295    0.007419   -0.002783    0.016352   -0.010112    0.005400   -0.017910   -0.005520    0.005730    0.001519    0.001376   -0.001565   -0.006710    0.009049    0.000403   -0.007658   -0.005358    0.012037   -0.006416   -0.000059   -0.006551    0.011609   -0.000563    0.011346    0.010250 
  -0.001525    0.000775   -0.004126    0.000383    0.012174    0.016205    0.002067   -0.003359    0.000444   -0.009659   -0.004408    0.005614    0.010978    0.010093    0.012429    0.006402   -0.011344   -0.023290   -0.007960    0.017585   -0.015843    0.006689   -0.008554   -0.012542    0.012664 
   0.008973    0.007629   -0.006470    0.023210    0.011507    0.002511   -0.010648    0.014368    0.003095    0.023395   -0.003704   -0.003598    0.001820    0.009624    0.003323    0.005201   -0.009314    0.010755    0.006965   -0.004885   -0.009487    0.001545   -0.010811    0.006084   -0.003150 
  -0.002036   -0.000882    0.006790    0.005169    0.010428   -0.005186   -0.001631    0.001809   -0.018434   -0.010136    0.012967   -0.007965    0.010987   -0.001293   -0.006965    0.003693    0.010822    0.004689   -0.016299   -0.010198    0.010279    0.005467    0.011260    0.007637   -0.010629 
   0.015823    0.015231   -0.017422   -0.017122   -0.003115    0.003331    0.013713    0.014008    0.003174    0.015610    0.011881    0.018836    0.019905    0.009266    0.010842   -0.002155    0.002260   -0.021661    0.022311    0.003028    0.000046    0.013176    0.002696   -0.020880   -0.014651 
   0.001872   -0.001094   -0.000158   -0.007821   -0.005158    0.004426    0.006852   -0.005845   -0.018817   -0.005236    0.021286   -0.009414    0.011766   -0.025429   -0.007424   -0.002044    0.000820   -0.001044    0.003258    0.022325    0.005268    0.011553    0.006866   -0.001405   -0.014864 
   0.003243   -0.002241    0.013788   -0.000199    0.007001   -0.003407   -0.005604   -0.008286   -0.004224    0.016729    0.003786    0.021631    0.004868   -0.002457    0.002065   -0.001970   -0.004046   -0.001068    0.022762   -0.000856    0.003094   -0.001095    0.000724    0.012329   -0.012562 
  -0.001204    0.003334   -0.006745   -0.010272   -0.005883    0.026321    0.012643   -0.004256    0.023986   -0.007146   -0.000287    0.010448    0.013987   -0.002853    0.001091    0.009323   -0.021878   -0.003070    0.015754   -0.000280    0.008262    0.010644   -0.002551    0.000553   -0.009722 
  -0.014462   -0.006394   -0.002140    0.005028    0.007781    0.002585   -0.015658   -0.011272    0.002951   -0.019326    0.008371   -0.009100   -0.012233    0.005142    0.014228    0.008924    0.015615    0.005799   -0.008422    0.005280    0.028689    0.005328    0.015875   -0.006282   -0.003312 
   0.005498   -0.015355   -0.004319    0.001995    0.003214    0.030182    0.006764   -0.002859    0.005007    0.010413    0.001849    0.009665    0.024709   -0.000535   -0.003860    0.003793   -0.004738   -0.014690    0.022172    0.001791    0.005224    0.008592    0.004437   -0.019387   -0.003569 
  -0.008026    0.000919    0.003148   -0.017114   -0.003536    0.001688    0.009210    0.007569    0.002709   -0.000740    0.012989    0.009867   -0.007480   -0.004946   -0.001041    0.003808   -0.017987   -0.008862    0.011209    0.006830   -0.016599    0.016122   -0.022925   -0.001732   -0.003304 
   0.007325    0.014356   -0.000188   -0.021769   -0.003323    0.012105    0.005721   -0.003712   -0.001314    0.002933    0.006686    0.010022   -0.022078   -0.002777   -0.002475    0.012962    0.002102    0.003214   -0.003236    0.012231    0.006490   -0.000928    0.015593   -0.011353    0.017755 
  -0.006888    0.003230   -0.010853    0.014836   -0.008347    0.005000   -0.001345    0.003530    0.001752   -0.002176    0.004671   -0.000031    0.001938   -0.006933    0.005616    0.005082   -0.006473    0.007149    0.004037   -0.008260    0.013193    0.015375    0.003061    0.005895   -0.017540 
  -0.003823   -0.001648    0.019937   -0.022407    0.000847    0.007930    0.004671    0.000321   -0.001327   -0.009271    0.000956   -0.001510   -0.009707   -0.002044    0.004711    0.008613    0.001330    0.000428   -0.014336    0.006547    0.002990    0.003784    0.019447   -0.022739    0.019925 
  -0.010998   -0.007950    0.000083   -0.001904   -0.018192   -0.000051   -0.003319   -0.002521   -0.011934   -0.004267    0.001128    0.008468   -0.001509   -0.001504   -0.000627   -0.010434    0.014917   -0.013669    0.016085    0.001472    0.012108    0.011458    0.005825   -0.005324    0.003513 
   0.021980   -0.005622   -0.009071   -0.007779   -0.009055   -0.002069    0.023213    0.018180    0.003299    0.003927   -0.001343   -0.002794   -0.002003   -0.015421   -0.000258    0.012919   -0.020817    0.001092    0.003621    0.015686   -0.000627    0.001433   -0.013356    0.010491    0.010536 
   0.008844    0.005293   -0.021573   -0.009496   -0.020140    0.000380    0.003817    0.005045    0.013855    0.003400   -0.003756    0.006613    0.015033   -0.032382    0.009788    0.000806   -0.005070    0.003703    0.009201    0.001075    0.004100    0.003911    0.004139    0.011604   -0.007650 
   0.003669    0.014523    0.004801    0.005453   -0.017759   -0.009479   -0.009582    0.001014   -0.003886   -0.000460    0.002830   -0.013484   -0.005483   -0.002421    0.000386   -0.019074    0.017317   -0.010301    0.004023    0.004262   -0.004525   -0.002626    0.001077   -0.004069   -0.009113 
  -0.010945   -0.005842    0.008170    0.013108    0.008582    0.013155    0.006017   -0.018324    0.009258    0.002929   -0.002911   -0.007077   -0.017471   -0.018760   -0.010603   -0.007671    0.001933    0.009634   -0.020034   -0.004344   -0.005099   -0.007450   -0.019216   -0.002504    0.020211 
  -0.010002   -0.002237   -0.000633   -0.013355    0.001880   -0.013363   -0.004844    0.002446    0.002956   -0.025478   -0.005419   -0.003248    0.000192   -0.000642    0.003440   -0.001943    0.003737    0.011835    0.004180    0.000512    0.007741    0.004555   -0.002198    0.008736    0.011429 
  -0.008259    0.005612   -0.024424   -0.003923   -0.008411   -0.002052    0.003506    0.005634   -0.011207    0.007971    0.006374    0.007625    0.010731   -0.011129    0.007529    0.010248   -0.015153   -0.002383    0.007222   -0.006137   -0.004395    0.012275   -0.002593   -0.001700   -0.011131 
  -0.000028   -0.011167   -0.008778    0.005192    0.017643    0.000168    0.006581    0.012745    0.004808    0.009642    0.002861    0.010914    0.012619   -0.001096    0.001602    0.014294   -0.005157    0.006918    0.010191   -0.004760    0.004138    0.011485   -0.009602    0.019916   -0.002876 
   0.008100   -0.028711    0.008716   -0.006915   -0.002578    0.006642   -0.018185    0.006751   -0.009682   -0.002549   -0.017230   -0.001287   -0.015263    0.014083   -0.002296   -0.015698   -0.007695    0.002233    0.009907   -0.016191   -0.002076   -0.004509    0.006359   -0.003423    0.013814 
  -0.000886    0.009002    0.003481   -0.009707   -0.002012   -0.016376    0.005379    0.021045    0.020570   -0.011051   -0.009983    0.008150    0.004445    0.013472    0.018743    0.002024   -0.012500   -0.006091    0.007084   -0.000613   -0.008710   -0.012917   -0.009739   -0.000524   -0.000477 
   0.002304    0.006736    0.007287   -0.008348   -0.009225    0.002496   -0.002221    0.006435   -0.013412    0.000449    0.009477   -0.000719   -0.016536    0.023474    0.010198   -0.005218    0.007793   -0.008635    0.001262    0.001634   -0.005209   -0.007548    0.003268   -0.004305    0.003395 
  -0.003179    0.002680   -0.011192    0.027183    0.017815   -0.013627   -0.003255   -0.007807   -0.002029    0.002815    0.002414   -0.015842    0.004054    0.012438    0.004765   -0.016026    0.001377    0.007760   -0.018663   -0.013724   -0.017791   -0.019263   -0.010241    0.016959   -0.017711 
   0.010833    0.012745    0.007030    0.006087    0.003112   -0.003778   -0.001375    0.001265    0.000823    0.010917    0.014598   -0.000225   -0.003229    0.008548   -0.015631    0.001486   -0.016055    0.005126   -0.007988    0.013518   -0.003025    0.000941   -0.008615   -0.001391   -0.001596 
   0.003735   -0.021391   -0.005420    0.000106   -0.001570    0.025834    0.010871   -0.006771    0.006418   -0.010386   -0.036041    0.010914    0.006248   -0.025524    0.010765    0.022829   -0.012745    0.001028   -0.002951   -0.004847    0.004575    0.010037   -0.007647   -0.013642   -0.002661 
  -0.021228   -0.000095    0.004889   -0.008798   -0.006392   -0.002371   -0.001159   -0.016311   -0.009689   -0.012796   -0.014377   -0.002298   -0.020863   -0.019113   -0.007293   -0.000882    0.013365    0.018318   -0.012483    0.000710    0.006781   -0.007220    0.001444    0.006407    0.019996 
  -0.005302    0.003854   -0.008804    0.020744   -0.008441   -0.005369   -0.000763    0.000097   -0.005848    0.011962   -0.000652   -0.004702   -0.004279    0.014505   -0.018374    0.003306   -0.012953   -0.004510    0.006448    0.021447   -0.013307    0.006862   -0.014169    0.005760   -0.007097 
  -0.010584   -0.007427    0.002736    0.008960    0.013228    0.014723   -0.007096   -0.002704    0.003914    0.007917    0.011204    0.002276    0.009669   -0.006347    0.003874    0.000123   -0.006134   -0.011071   -0.001402   -0.000489   -0.001374   -0.004030   -0.010284   -0.000444   -0.001319 
  -0.003432   -0.006819   -0.000233    0.024200    0.012611   -0.001929    0.010532    0.007067    0.004224    0.009474    0.019756   -0.009242    0.002592    0.001835   -0.023548    0.027355   -0.020016    0.007938   -0.014182    0.003882   -0.018927   -0.000108    0.004087    0.000243    0.000616 
   0.000014    0.025099   -0.000986    0.008809    0.012101    0.001758    0.014222   -0.008431    0.014811    0.005011    0.017996    0.004924   -0.004196   -0.009952    0.017441    0.015780    0.000060    0.015257   -0.009784   -0.021751   -0.003131   -0.002884    0.006882   -0.011552    0.020595 
  -0.000056   -0.007686    0.005521    0.001669    0.012778   -0.003858   -0.015095   -0.003887   -0.016129   -0.007515    0.003575   -0.022491   -0.018192    0.005648   -0.010137    0.007213   -0.008125    0.014867   -0.024068    0.011010    0.008508   -0.014312    0.016343    0.009433   -0.012009 
   0.015591    0.003959   -0.006323    0.005317   -0.007993   -0.010398   -0.006698    0.013752   -0.004107   -0.003773   -0.013871    0.004736    0.009430    0.007503   -0.002596   -0.001726   -0.011169   -0.010019    0.011564   -0.011600   -0.014976    0.007573   -0.005627    0.005508   -0.012782 
  -0.000436   -0.008321    0.004532    0.012503   -0.000711    0.008699   -0.000417   -0.008469   -0.010358   -0.005354    0.004053   -0.005153   -0.006466   -0.001650    0.000123   -0.005493   -0.006412    0.003443   -0.004133   -0.006489    0.011630    0.004261    0.001452   -0.002400    0.000539 
  -0.000778    0.001752    0.001076    0.009104   -0.003634   -0.002876    0.007225   -0.006678   -0.002993   -0.003885    0.001687    0.002220   -0.001693    0.001902    0.007589   -0.006567   -0.002736    0.001772   -0.005008   -0.009406    0.009196    0.006752    0.001051   -0.007341   -0.008930 
  -0.001251   -0.004022    0.010747   -0.004543    0.010613   -0.005554    0.008732    0.004166   -0.002545   -0.016160    0.005102    0.000583    0.004304    0.012110    0.020255   -0.004003   -0.001478   -0.015443    0.006233   -0.018534   -0.006194    0.000777    0.004874   -0.016834   -0.000284 
  -0.008397    0.009758    0.019574   -0.006787   -0.016288   -0.008552   -0.021708   -0.003172    0.015513    0.005374   -0.007541    0.005637    0.008100    0.017932    0.009194   -0.022158    0.007063   -0.002556    0.005795   -0.012284   -0.006975   -0.016020   -0.000250    0.019928    0.006777 
   0.010708   -0.016711   -0.013206    0.002095   -0.009461    0.001918   -0.001628    0.002134   -0.004160    0.001130   -0.008777   -0.007226    0.009125    0.008154    0.006099    0.004406   -0.010686    0.001401   -0.011912   -0.000870    0.010066   -0.016293    0.005107   -0.003906   -0.018409 
  -0.009232   -0.009729    0.004435    0.005130   -0.003063   -0.005385   -0.007502    0.000070    0.001310    0.001899   -0.004331   -0.007551   -0.014259    0.022638   -0.005403   -0.009076    0.006605   -0.015556    0.006164   -0.006302   -0.016733   -0.010823    0.000733    0.004860   -0.003841 
   0.008631   -0.005341    0.006717   -0.011957   -0.010094   -0.000204   -0.000732    0.000360   -0.004691   -0.010638   -0.001000   -0.004345    0.005174    0.000164    0.003785   -0.005152   -0.002392   -0.005774    0.003157   -0.013675   -0.003449    0.003580   -0.004673   -0.004100    0.005571 
  -0.018906    0.008122    0.023834   -0.018904   -0.026543   -0.001024   -0.016644   -0.005357   -0.003351   -0.023577   -0.004743    0.013091   -0.000209    0.007639    0.011052   -0.020120    0.010527   -0.009868   -0.000847   -0.004856    0.008768   -0.012722    0.003019   -0.003419    0.003267 
   0.009069   -0.006078    0.012075   -0.017843   -0.005969    0.003079    0.006801    0.004561   -0.000502   -0.012983   -0.013605    0.008209    0.000296    0.004736    0.008728   -0.005833    0.015195   -0.006530    0.007167    0.001753   -0.008542    0.002131   -0.005368   -0.014950    0.004706 
  -0.007688   -0.012928   -0.008549   -0.014214   -0.007301   -0.010150   -0.001078   -0.006292    0.004875   -0.012591    0.014682   -0.004674    0.017325   -0.029994    0.005418    0.004804   -0.014864    0.020918   -0.003612    0.012256    0.005971    0.020754   -0.001525    0.007847    0.008427 
  -0.006067   -0.005235    0.002948   -0.015272    0.006236   -0.004324   -0.006750   -0.004324   -0.002386   -0.005746    0.006021    0.013554   -0.009009    0.007401    0.007589   -0.014671    0.017738   -0.006406    0.007766    0.004975   -0.016134   -0.016754   -0.007175    0.005317    0.003579 
  -0.007276   -0.008294    0.007594   -0.008106   -0.000593    0.004050   -0.014469   -0.025757    0.000215   -0.006962   -0.004353   -0.007948    0.002503   -0.005410   -0.018784   -0.000300   -0.008449    0.000435   -0.001465   -0.000758    0.000496    0.011312    0.001455    0.006549   -0.008740 
   0.009574   -0.006964    0.002632   -0.025222   -0.009497   -0.000013    0.017924   -0.006276   -0.003117   -0.016790   -0.007359    0.016910    0.008614   -0.011884    0.006341    0.004037   -0.006609   -0.013973    0.011433    0.007419    0.006148    0.002202   -0.015619   -0.011997    0.009945 
  -0.011107   -0.001699    0.008347   -0.003527   -0.007246   -0.007486   -0.016322   -0.005677    0.000720    0.011488    0.017406    0.007567    0.007038   -0.001959   -0.008683   -0.007019    0.004954    0.012525   -0.012208    0.000097    0.004498   -0.002152   -0.006397    0.012219    0.008775 
  -0.005163   -0.001862   -0.002171   -0.002357   -0.008765   -0.007221    0.024421   -0.003826    0.001657   -0.010005    0.002406    0.015519   -0.000830   -0.008290    0.005008   -0.003506   -0.002256   -0.008947    0.000019   -0.011762    0.001583    0.002190   -0.001971   -0.005165   -0.007739 
  -0.002582   -0.007595    0.006679   -0.016872    0.007146    0.008214   -0.009124    0.000529   -0.014205   -0.011586    0.000340    0.007760   -0.007349   -0.002674    0.004099    0.000543    0.003373    0.008449    0.000799    0.006640    0.005830    0.003802    0.001285   -0.005071    0.008959 
  -0.000015   -0.009698    0.004093   -0.003859   -0.002499   -0.005912   -0.015578    0.011191    0.004919   -0.012948    0.014923   -0.001060    0.004431    0.020889   -0.008552   -0.017825    0.014686   -0.018197    0.013365    0.005251    0.011333    0.001888    0.014430   -0.001625    0.001720 
  -0.005946   -0.000030   -0.009663    0.014380   -0.003642   -0.000886    0.003316   -0.004458   -0.008754    0.005387    0.006618   -0.004336   -0.019677   -0.001691   -0.001672    0.001405   -0.005765    0.003705   -0.007509    0.010885   -0.000310   -0.024965   -0.016809    0.000446   -0.005607 
  -0.010003   -0.007334    0.014041    0.003387    0.007110   -0.002293   -0.017098   -0.002810    0.000645    0.004144   -0.004009   -0.007616   -0.007344   -0.003724   -0.000843    0.002327    0.021042    0.000445   -0.012807   -0.000292   -0.004347    0.000276    0.018454   -0.004794    0.011772 
   0.004080   -0.011918    0.008235   -0.001935   -0.010054    0.019437   -0.004216   -0.007269    0.010525   -0.003924   -0.014986    0.004111   -0.002044   -0.013333    0.019313    0.008102    0.011665   -0.003993    0.002381   -0.015228    0.016258   -0.016643   -0.014485    0.003722   -0.021643 
   0.000180   -0.005597    0.007506    0.002774    0.006768   -0.015404    0.001938   -0.007652   -0.010468   -0.018869    0.009127   -0.018063   -0.013769    0.001526    0.004011   -0.001100   -0.001732   -0.010844   -0.009388    0.015584   -0.003842   -0.011374   -0.002787   -0.007075    0.007636 
   0.007793    0.010299    0.010871   -0.002159   -0.007174   -0.004820   -0.013323   -0.000470    0.001034   -0.003841    0.004590   -0.011048   -0.011064    0.001561    0.013268    0.000920    0.018083   -0.019137   -0.006885   -0.000230   -0.007229   -0.011871   -0.008052   -0.004524   -0.004750 
  -0.006169   -0.005857   -0.001538    0.002879   -0.003740    0.004175   -0.010100   -0.005329    0.006892   -0.009074   -0.016705   -0.002259   -0.008109    0.023391    0.000845   -0.004512   -0.007149    0.001784   -0.008884   -0.014487   -0.006820   -0.016843   -0.010777    0.015442    0.003730 
   0.003905   -0.003880   -0.008523   -0.011722   -0.001856    0.009792    0.000476    0.006298   -0.001493    0.016144    0.001113    0.005581    0.007642   -0.010140   -0.003566    0.007731   -0.004766   -0.002146    0.005019    0.017212    0.003360    0.019969    0.001827    0.003166   -0.001160 
   0.003662   -0.002542    0.004109   -0.001314   -0.018950   -0.003180   -0.018722    0.000673    0.001322   -0.001761   -0.006112   -0.009624   -0.009623    0.019084    0.011877   -0.005894    0.008193   -0.021065   -0.004133    0.003728    0.003868   -0.009481    0.004829    0.011484    0.002820 
  -0.010806   -0.005731   -0.007848   -0.014925   -0.011777   -0.004470    0.009358   -0.003435   -0.004409   -0.002573    0.001951    0.011933    0.012647   -0.000653    0.014215    0.006840   -0.011926    0.000359    0.017496    0.005312    0.010334    0.013042   -0.004027   -0.001687    0.007602 
   0.003010   -0.007321   -0.018775    0.011153   -0.018831   -0.006656   -0.005697   -0.013787    0.008340    0.008949   -0.001188   -0.012954    0.010207   -0.012294    0.001108    0.008650   -0.004192   -0.000962   -0.003402   -0.006034    0.025105    0.014377    0.009148   -0.000184   -0.012214 
  -0.002753    0.017651   -0.005818   -0.003902   -0.000084   -0.000739    0.017549   -0.012702   -0.018107    0.011245    0.023008   -0.011568   -0.002926   -0.002079   -0.008763    0.001496   -0.006772   -0.007206   -0.007031    0.014830   -0.011201   -0.001363    0.000103   -0.012870   -0.007077 
  -0.005588    0.003513   -0.005821    0.014343   -0.011773   -0.007386   -0.009186    0.006439   -0.009914    0.000856    0.000316    0.000692    0.005595    0.016305   -0.004718   -0.008130    0.000782   -0.009875    0.017283    0.004004   -0.004467    0.002616    0.002104    0.006147   -0.024590 
   0.000702   -0.002703   -0.014107    0.014548    0.001613    0.004679    0.000508   -0.001779    0.011465   -0.003174    0.006728   -0.007445    0.002363   -0.016981    0.001499    0.016164   -0.012986    0.004670   -0.007394    0.015660   -0.003893   -0.000512   -0.006093   -0.001706    0.006969 
  -0.002760   -0.019312   -0.001167   -0.005612   -0.002770    0.002054   -0.002464   -0.001913   -0.002136   -0.010108   -0.009668    0.010148   -0.013654    0.014600    0.017148    0.000507   -0.002251   -0.011541    0.005402    0.003350   -0.010829    0.003722   -0.007567   -0.009517    0.019364 
  -0.006705    0.004993   -0.009565    0.017589    0.008414   -0.012219    0.004887   -0.019347   -0.000795    0.006156    0.014548   -0.010797    0.005403    0.001411    0.023391   -0.009978   -0.006591    0.017025   -0.008981   -0.008614   -0.001618    0.003458   -0.004794    0.015311   -0.008598 
   0.001129    0.006114   -0.002532    0.011009    0.007270   -0.011060   -0.002116   -0.002290    0.020409    0.011829    0.016197   -0.011783    0.013805   -0.009427   -0.002100   -0.001773   -0.002394    0.026894   -0.013618   -0.004056   -0.012254    0.010958    0.004673    0.013603   -0.004539 
   0.009887    0.002455    0.001961    0.007114   -0.000453   -0.005019    0.001640    0.015637    0.018012    0.009500    0.019060    0.003784    0.003550   -0.008796    0.004780    0.024879   -0.006334   -0.001521    0.010444    0.006701   -0.005293    0.003723   -0.013870   -0.015989   -0.000848 
   0.003769   -0.002142   -0.021388   -0.001103   -0.012811   -0.006455    0.011030    0.016115   -0.002801   -0.007108   -0.002743    0.013593    0.011133    0.016523    0.005354   -0.015994    0.020342   -0.021811    0.014851   -0.003340   -0.002147    0.000568    0.001415   -0.006165   -0.008302 
   0.013887   -0.000437   -0.000787    0.016649   -0.001506    0.000995    0.008614    0.009099   -0.008511    0.000588    0.004326   -0.004177   -0.008828    0.010052    0.006608    0.002516   -0.016720   -0.006404   -0.010701    0.005361    0.002868   -0.006793    0.001355   -0.006963    0.003898 
   0.002325    0.003314    0.005516    0.011741   -0.000080   -0.005643   -0.003256   -0.005775    0.003030   -0.001564    0.000101   -0.000391   -0.010757   -0.003779   -0.007852    0.004933   -0.001908   -0.000334   -0.005311   -0.010780    0.005913   -0.020858   -0.004280    0.020734   -0.008493 
  -0.002237   -0.002036   -0.010922    0.016836   -0.007656    0.000027   -0.001127   -0.013540    0.012048   -0.006780   -0.006906   -0.011620   -0.005755   -0.006389   -0.002937    0.006019   -0.004106    0.020326   -0.008215    0.011189   -0.010135    0.007852   -0.013637    0.011973   -0.004870 
  -0.012062   -0.005115   -0.005527    0.006192    0.011224    0.001863    0.006146   -0.010742   -0.003285   -0.016177   -0.006386   -0.003610   -0.000004   -0.009748   -0.003806    0.010496   -0.008809    0.010309   -0.022126    0.010555   -0.003826    0.023283    0.004116    0.002299   -0.005368 
   0.010832    0.019882   -0.008545    0.001029   -0.007738    0.000993    0.008322   -0.003568   -0.001308    0.012878    0.004646   -0.004312   -0.002173    0.005449    0.002184    0.015745    0.009166   -0.023165    0.003510    0.002308   -0.023855   -0.011844    0.004978   -0.005758    0.005267 
   0.008033    0.000967   -0.005201   -0.010368    0.006805   -0.004881    0.000651    0.011325   -0.012798   -0.009110    0.008641   -0.003798    0.008476    0.001195   -0.008068   -0.014196   -0.005661   -0.003233    0.010721   -0.002581   -0.014364   -0.003548    0.009769   -0.011234   -0.011665 
  -0.000555    0.005364   -0.004326    0.009039    0.011543   -0.003374    0.003913   -0.004954    0.002096   -0.008508    0.014550   -0.010580    0.007819   -0.018720   -0.014857   -0.003261   -0.009731    0.009147   -0.007889    0.007125    0.005759    0.016942   -0.002234   -0.008638   -0.001621 
