  -0.004546   -0.000343   -0.018906    0.000002    0.007612   -0.043458    0.000001   -0.004245   -0.005585    0.023472   -0.009245   -0.006455   -0.018566   -0.012993    0.013721   -0.037669    0.015808   -0.036708   -0.021144    0.007138    0.009080    0.033818   -0.002655   -0.040962   -0.043130 
  -0.015635    0.018185    0.033954   -0.030486    0.019410   -0.002815    0.004483   -0.026346    0.036195    0.033803    0.027824    0.005015    0.036870    0.028260   -0.012455    0.018657    0.001091    0.005155    0.042655    0.010344   -0.001372   -0.030143    0.007228   -0.007228   -0.028094 
  -0.012084   -0.002174    0.007377    0.025542   -0.027133   -0.015579   -0.020387    0.005987   -0.014840    0.000943   -0.017464   -0.006765   -0.020141    0.034059   -0.021977   -0.000234    0.004064   -0.032674   -0.055417   -0.006860    0.031022   -0.002192    0.011938   -0.015555   -0.008704 
  -0.029358   -0.015437    0.010197   -0.037895    0.011477    0.058711   -0.026970    0.012681    0.015094    0.024475    0.001700    0.022487    0.013258    0.024896   -0.002714    0.028166   -0.024595    0.054579    0.002626    0.000178    0.015827   -0.033376    0.016298    0.043829    0.019633 
  -0.016487   -0.004637    0.009358   -0.003030    0.021550   -0.020507    0.008415   -0.004646    0.027236    0.008262    0.016192    0.010458   -0.007344   -0.021250    0.016723   -0.014698    0.001018   -0.006642    0.030792    0.000660   -0.008627    0.003848    0.008704    0.024637    0.006350 
   0.006919   -0.026591   -0.010892   -0.016915   -0.034587    0.069850   -0.027992    0.008701   -0.018033   -0.042599   -0.023665    0.024053   -0.003144    0.005187   -0.004195    0.021039   -0.004974    0.058686    0.014594    0.001479   -0.026673   -0.009646   -0.018354    0.007356    0.021652 
  -0.013216   -0.008033    0.032409   -0.007425    0.015657    0.062571    0.030353   -0.005847   -0.007760   -0.007749    0.038899   -0.011402    0.006360    0.017377    0.021872    0.007127   -0.006796    0.052532    0.094050    0.005205   -0.009635   -0.024035   -0.003937    0.021199   -0.000550 
   0.001671   -0.001909    0.022133    0.024144   -0.015516    0.072540    0.012348    0.011978   -0.007232   -0.035019    0.019799    0.004121   -0.001472    0.015218   -0.000067    0.009786    0.012784    0.023987   -0.016335    0.006557    0.054676   -0.006940    0.005346    0.016580    0.005219 
  -0.035195   -0.009598    0.035136   -0.032519    0.008795    0.088343    0.023553    0.005348   -0.014559    0.003952    0.014941    0.017453    0.013705    0.000981    0.009416    0.010524   -0.007598    0.046737   -0.002119    0.022017    0.010463   -0.002728   -0.002084    0.013211    0.001821 
   0.013598   -0.018101   -0.033205    0.006088   -0.017172   -0.033916   -0.029109   -0.002459    0.020064   -0.010370   -0.029249    0.016358   -0.003037   -0.032433    0.006947   -0.019555    0.026844   -0.025626    0.003618   -0.007989   -0.009989    0.004872   -0.009155   -0.013611    0.008528 
  -0.015960   -0.034053   -0.021741    0.021229   -0.020192   -0.017262   -0.047865    0.023903   -0.005355    0.018212   -0.021734    0.014791   -0.008971   -0.025347    0.013188   -0.010704    0.000241   -0.044242    0.003546   -0.027053   -0.021286   -0.009489   -0.005423    0.001280   -0.009887 
   0.011314   -0.051887   -0.030675   -0.003334   -0.072104   -0.039374   -0.080956   -0.023918   -0.048051   -0.004266   -0.052367    0.012004   -0.018281    0.019622    0.003456    0.002804   -0.016354    0.008372   -0.049503    0.015584   -0.008068   -0.023469   -0.073163   -0.022635   -0.002946 
  -0.009218   -0.009560    0.011578    0.020506    0.004193    0.040749    0.011561    0.009587   -0.019495   -0.014905   -0.006395    0.019752   -0.024320    0.021013   -0.028670    0.059503   -0.025432    0.036858   -0.009767   -0.000074    0.017452   -0.037327   -0.019565    0.005282   -0.008711 
  -0.055183   -0.012821    0.026557   -0.008519    0.010757    0.112314   -0.018177    0.024763    0.008771    0.028072    0.036332    0.014140    0.040831   -0.007104    0.010593    0.010263   -0.009430   -0.010331   -0.010040   -0.029991   -0.017516   -0.016058    0.013791    0.025888    0.034618 
   0.003741   -0.026907   -0.009352   -0.011216   -0.020112    0.028613   -0.016483   -0.002583   -0.027857    0.002666   -0.020729    0.024229    0.005452    0.001480    0.011753    0.009892    0.003084    0.007349   -0.022775    0.018105    0.010889   -0.002222   -0.036507   -0.015060   -0.011217 
   0.016771    0.006493    0.015134   -0.009490   -0.025823   -0.017069    0.007552   -0.012043   -0.013917   -0.040272   -0.013653   -0.044413   -0.011905    0.003773    0.009145   -0.032389   -0.000009   -0.056410   -0.094162   -0.010256    0.008671    0.024334   -0.018371   -0.028658   -0.017212 
   0.008817    0.000690    0.015362   -0.001179   -0.018072    0.077519   -0.006954    0.020314   -0.008952    0.001356   -0.013758   -0.006299    0.003151    0.019489   -0.016202    0.034559   -0.016325   -0.002130   -0.026121   -0.027754    0.003299    0.001392   -0.014216    0.008210   -0.001821 
   0.032853    0.048255    0.022099   -0.053841    0.026129   -0.043957    0.069995   -0.030280    0.003639   -0.038855    0.028796   -0.024290    0.001715    0.016699   -0.002372   -0.034987   -0.011046   -0.006140   -0.015492    0.003591    0.011489    0.004450    0.027177   -0.011440   -0.025947 
  -0.046368   -0.026662    0.033590   -0.008997    0.010954    0.161720    0.027500    0.044202   -0.017892    0.007541    0.010356    0.026692    0.035514   -0.006483    0.015770    0.034880   -0.022944    0.051711   -0.001551    0.013239    0.009477    0.006550    0.013709    0.045939    0.021959 
   0.005407   -0.023874   -0.052071   -0.003687   -0.032510   -0.046467   -0.051108    0.005712   -0.007783   -0.024004   -0.037273   -0.007215    0.007794   -0.035792   -0.001491    0.003222   -0.027705   -0.015217   -0.081591   -0.001807   -0.008961    0.009612   -0.010909    0.008121    0.026433 
  -0.011921    0.036183    0.033191    0.008762    0.034966    0.034073    0.047980    0.009334    0.009539   -0.004519    0.007267   -0.042079    0.009482    0.024402   -0.033879    0.025951   -0.033488    0.024851   -0.065347    0.000883    0.022515    0.012492    0.034481    0.011892   -0.019628 
  -0.023136   -0.024407   -0.017952   -0.003003   -0.031292   -0.013513   -0.056514    0.011107   -0.022132    0.013154   -0.033269   -0.001881   -0.027104    0.025080   -0.006163    0.027379   -0.043338    0.031949    0.016145   -0.018894    0.002285    0.009205   -0.015042    0.007491    0.000106 
  -0.026380    0.013176    0.043018   -0.063300    0.061377    0.070341    0.063557   -0.005475    0.031348    0.036481    0.045972    0.001777    0.051577   -0.011909    0.030742   -0.027237    0.013022   -0.007064    0.016508   -0.014469    0.009641   -0.000179    0.042998    0.041402    0.024068 
  -0.005806   -0.002723    0.009897    0.021813    0.012452    0.042628    0.004731    0.022799    0.013976    0.039722    0.006798    0.030588   -0.017518    0.014125   -0.003393    0.006720    0.021049   -0.013377    0.014148   -0.000247    0.008133    0.008977    0.013836    0.008199    0.004563 
   0.027486    0.004748   -0.012694    0.000266   -0.025564   -0.034193   -0.007738   -0.008371    0.006351   -0.055652   -0.021508   -0.025301   -0.008155   -0.019788    0.003794   -0.014912   -0.021175    0.019538   -0.018355    0.012359   -0.017257    0.025441   -0.018103   -0.008541   -0.003749 
  -0.049388   -0.029945    0.016693   -0.037263   -0.036316    0.120335   -0.040041    0.042042   -0.030055   -0.005108    0.010734   -0.000881   -0.018463    0.018071   -0.013718    0.038411   -0.058596    0.066182   -0.032473   -0.005948   -0.000486   -0.017341    0.010651    0.060433    0.047672 
   0.005977    0.016945    0.016593    0.016278    0.005698   -0.048974    0.024167   -0.018696    0.013399    0.002558    0.022690   -0.011731   -0.026505   -0.001227   -0.010416   -0.011007   -0.009215   -0.026271    0.033923   -0.020063   -0.017326    0.006530   -0.008522   -0.034590   -0.022460 
  -0.020650   -0.011088   -0.015062    0.024817    0.019018    0.029717    0.020922    0.027492    0.003336   -0.000478    0.022878    0.024159   -0.003624   -0.040954   -0.000500   -0.013745    0.005912   -0.029392    0.034191   -0.017277   -0.015741    0.010212    0.016993   -0.001673    0.010619 
   0.001656   -0.009359   -0.011385   -0.024388    0.000004    0.019866   -0.001927    0.009909   -0.005117   -0.035179   -0.009811   -0.003013    0.005545   -0.022564    0.012624   -0.002321   -0.001188    0.017241   -0.023123    0.011750    0.017113    0.015888   -0.009621   -0.001037    0.000835 
  -0.012519   -0.011691   -0.010643    0.017497   -0.000283   -0.003737   -0.026715    0.005410    0.002817    0.026743   -0.014806    0.041994   -0.005964    0.013100   -0.019177    0.033779   -0.008160    0.024833   -0.000332   -0.002915    0.001690   -0.005232    0.000036    0.009921    0.031901 
   0.000713    0.012911   -0.008128    0.019059    0.021540   -0.019297    0.019315    0.004219    0.017792   -0.000856    0.020306   -0.025729    0.005301    0.013426   -0.010907   -0.038589    0.005857   -0.034082    0.024903   -0.041598   -0.012689    0.009514    0.039788    0.007597    0.001530 
  -0.008401    0.023511    0.013863    0.000131    0.023296   -0.006098    0.040701    0.009578   -0.008161    0.002383    0.000876   -0.051702   -0.009161    0.000646   -0.003323   -0.024006    0.010708   -0.007305    0.006032   -0.021786    0.052878    0.019394    0.047699    0.013820   -0.028384 
   0.018302   -0.008873   -0.022018   -0.020216    0.009342   -0.009580   -0.007749    0.002535   -0.001278   -0.015404   -0.034027    0.011371    0.022530   -0.012979    0.020236    0.018156    0.033575   -0.010191    0.012989    0.007943    0.044633    0.014553   -0.043920   -0.032443   -0.026602 
   0.007861    0.020949    0.004955    0.003225    0.015938   -0.007591    0.021819    0.019054    0.016878   -0.011644    0.017496    0.006493   -0.000842   -0.023970    0.019221   -0.017534   -0.006244    0.006414    0.016033   -0.000587   -0.005985    0.029812    0.030754    0.016571    0.013973 
  -0.022807    0.002794    0.044997   -0.021782    0.044795    0.070375    0.048568    0.003409    0.019779    0.040332    0.019813    0.057989    0.020146    0.006481    0.012071    0.045212    0.012965    0.032269    0.023002    0.035208    0.020092    0.008142    0.020574    0.027929    0.007740 
   0.020080    0.009276    0.006660   -0.026436    0.023240   -0.021781    0.063700   -0.042624   -0.011334    0.011351    0.013802   -0.002265    0.013717   -0.016477    0.031446   -0.024639    0.017223    0.022626    0.070450    0.024533   -0.016560    0.011139   -0.001873   -0.025287   -0.035559 
  -0.010270    0.000152    0.013005   -0.011682   -0.017465    0.038634   -0.006617    0.002864   -0.003591    0.028914   -0.002067   -0.013388   -0.014064   -0.002848    0.008182   -0.003709   -0.017902   -0.030420   -0.063129   -0.012944   -0.035939    0.025110   -0.010062    0.005990    0.026655 
   0.006739   -0.008570   -0.031985    0.022611   -0.026017   -0.052854   -0.048294   -0.000935   -0.003346    0.010803   -0.032376   -0.029998   -0.036039    0.017946   -0.022922   -0.011706   -0.010383   -0.019768   -0.020110   -0.033943   -0.019620   -0.001326   -0.008717   -0.019016   -0.003968 
   0.029023    0.028795   -0.009237    0.011177    0.006370   -0.142113    0.014512   -0.044817    0.044322   -0.043563    0.007041   -0.047472   -0.036038   -0.040652    0.005751   -0.042462    0.009351   -0.050546   -0.021630    0.004841   -0.020728    0.014036    0.012581   -0.025621   -0.009988 
  -0.017542    0.006422    0.037153   -0.010818    0.006626    0.031737    0.010995   -0.011455    0.003075    0.016618    0.021059   -0.008792   -0.002742    0.008276    0.006361    0.004263   -0.000109   -0.007584   -0.028316   -0.020009   -0.000396    0.018782    0.019570    0.009475   -0.002520 
  -0.005793   -0.009332   -0.016360   -0.004016   -0.012976   -0.009964   -0.015921   -0.012910   -0.021097   -0.004290    0.000055   -0.014414    0.001183    0.017189    0.000714   -0.017364   -0.011063   -0.000493   -0.068744    0.015951   -0.009970    0.004316    0.009006    0.001904    0.007541 
   0.008369    0.026537    0.012876   -0.015753    0.027897    0.018351    0.055370   -0.003023    0.004852    0.007103    0.010197   -0.021673    0.006836    0.000469    0.020457   -0.039523    0.033450   -0.020587    0.019520    0.013118    0.006800    0.000811    0.010766   -0.015912   -0.017320 
   0.014565    0.000126   -0.023981    0.028256   -0.017046   -0.070459   -0.005139   -0.009432   -0.003631   -0.014968   -0.007334   -0.042067   -0.014945   -0.003571   -0.002978   -0.060266    0.017854   -0.088798   -0.080471   -0.021484   -0.005555    0.015748   -0.007947   -0.036589   -0.012749 
   0.021992    0.023541    0.001832   -0.005970    0.026569   -0.008911    0.028645   -0.002711    0.006479   -0.025255    0.006798    0.017924    0.006572   -0.007541   -0.015979    0.025631   -0.016308    0.020550   -0.025279    0.025234   -0.004671   -0.012096   -0.006373   -0.005649    0.005662 
   0.000732   -0.008603   -0.021461   -0.011152   -0.017030   -0.047302   -0.029073   -0.014626    0.008278    0.041503   -0.013125    0.018454   -0.018926    0.011169   -0.025104   -0.007657    0.011141   -0.010397    0.062380   -0.002982   -0.029861   -0.015851   -0.038975   -0.026734   -0.000130 
   0.015325    0.018384   -0.000885    0.008373    0.014886   -0.064603    0.020632   -0.024584    0.015445   -0.012701    0.014000   -0.041583    0.004102   -0.006080   -0.003623   -0.025392    0.005929   -0.018610    0.001506    0.006873   -0.006891   -0.004067   -0.005060   -0.020366   -0.022791 
  -0.018017   -0.001064    0.021389   -0.014597    0.038905    0.088269    0.055695   -0.009919    0.006149    0.026052    0.025684    0.023233    0.023670   -0.006980    0.013700   -0.011845    0.015669    0.015233   -0.005906    0.005320    0.019668    0.005349    0.025291    0.016878   -0.005790 
  -0.002198    0.010821   -0.007246    0.031427    0.021888   -0.028061    0.026760    0.010776   -0.001937    0.007228    0.022272   -0.009375   -0.015849   -0.005762   -0.005889    0.002504   -0.005326   -0.003151    0.078875    0.002891   -0.026648   -0.011150    0.015014   -0.001424   -0.020816 
