  -0.003568   -0.008676   -0.006970    0.026927   -0.016124   -0.007105   -0.025039    0.000848   -0.006831   -0.000907   -0.018486   -0.014795   -0.000301    0.009089   -0.018249    0.018139   -0.018483    0.004590   -0.021675    0.004994   -0.004882   -0.019789   -0.050891   -0.027747   -0.003021 
   0.010362    0.023858   -0.022624   -0.011432    0.008710   -0.037488   -0.018610    0.019025    0.037834   -0.003597   -0.001041   -0.004513    0.002314   -0.031961   -0.010933   -0.007884   -0.004271   -0.023302    0.005701   -0.011051   -0.028499    0.002053    0.008853   -0.015096    0.010536 
   0.004938    0.007374    0.008372   -0.032100   -0.014490    0.049037    0.000259   -0.001792   -0.006881    0.003768   -0.010017    0.011522    0.027264   -0.017892    0.004948    0.000370   -0.003074    0.009492   -0.053194    0.038676   -0.012956   -0.002207   -0.015202   -0.017140    0.001102 
  -0.016725    0.020689    0.008667    0.021093    0.035646    0.007314    0.033209    0.024349    0.014138   -0.012620    0.029164   -0.007549    0.020193   -0.007321    0.006489   -0.026240    0.025175    0.004540    0.049958    0.010430    0.002328    0.011894    0.050753    0.004117   -0.005001 
  -0.002615    0.012061    0.001530    0.012331   -0.003483   -0.038987   -0.019410    0.016288   -0.009509   -0.006681   -0.006266   -0.029638   -0.027688    0.009710   -0.016864   -0.002134   -0.011868   -0.010327    0.003371   -0.019640    0.004270   -0.000668    0.007328   -0.011577   -0.031655 
  -0.025929   -0.009327    0.025352   -0.022542    0.035313    0.065267    0.037223    0.000380   -0.000981    0.013711    0.038756    0.031392    0.018955    0.004042    0.034842   -0.006093    0.035320   -0.001042    0.047542   -0.015326    0.012883    0.012602    0.022751    0.036430    0.021444 
   0.003635    0.028837    0.019662   -0.008220    0.030815   -0.039987    0.025930   -0.018239    0.026685    0.024258    0.016051   -0.012710    0.005290    0.039696   -0.013467   -0.025086    0.025766   -0.033263    0.051638   -0.034675   -0.005050   -0.008865    0.025328   -0.001121   -0.013619 
   0.017620    0.014517    0.023848   -0.034632    0.020004    0.013575    0.050056   -0.018848    0.009166    0.008600    0.023291   -0.000899    0.017572   -0.009342    0.029787   -0.026254    0.032132   -0.025136    0.019730    0.037971   -0.009384   -0.023031    0.008889   -0.007545   -0.017635 
   0.007355    0.036693    0.014762   -0.015388    0.045518   -0.025960    0.043170   -0.019858    0.028300   -0.006244    0.043322   -0.021605    0.009310    0.013234   -0.007725    0.011476    0.008173    0.009047    0.077968    0.000204   -0.004098   -0.010217    0.011448    0.001701   -0.003503 
  -0.035849   -0.029530    0.004666    0.005925   -0.013197    0.039785   -0.020298    0.023691   -0.018686   -0.021072   -0.002460    0.010931   -0.003899   -0.026210    0.029584   -0.002073    0.001830   -0.019656   -0.041511   -0.002093    0.002185    0.003444   -0.008096    0.014742    0.019811 
  -0.041264   -0.009197    0.026546    0.005580   -0.009910    0.059178    0.006429    0.023446   -0.027543   -0.002578   -0.001947   -0.003208   -0.021179    0.016218   -0.012362    0.012348   -0.028498    0.010966   -0.064874   -0.013580    0.014942    0.007145    0.010495    0.003628    0.004355 
  -0.065376   -0.029506    0.033938   -0.053818   -0.000992    0.136181   -0.045979    0.023304   -0.000360    0.065835    0.017498    0.042221    0.041235    0.040722   -0.018555    0.053754   -0.022090    0.063200    0.048134   -0.008288   -0.010778   -0.051257    0.009257    0.055485    0.037026 
  -0.002332    0.013775    0.022711    0.003807    0.011053   -0.003750    0.030512   -0.019169    0.010787   -0.010485    0.029768    0.005442   -0.012379    0.026388    0.007850    0.014033    0.004295    0.016638    0.029380    0.007967   -0.008829   -0.019959    0.029752    0.016111    0.015614 
   0.020057    0.047822    0.031670    0.023566    0.046814    0.012514    0.075861    0.007968    0.033314   -0.012596    0.036673   -0.023309   -0.013604    0.002409   -0.013056   -0.004150   -0.010862    0.007876   -0.041415    0.001581    0.025468    0.036641    0.035195    0.017394    0.008945 
  -0.032376   -0.009049    0.021395   -0.014957    0.020038    0.035001    0.005289    0.000548    0.002189    0.041975    0.018437    0.020424    0.018856    0.003550    0.007595    0.015641   -0.011193    0.019810    0.038916    0.003423   -0.009155   -0.035840   -0.004054    0.021820    0.015044 
   0.009834   -0.000763   -0.006032   -0.056484   -0.000828    0.018575   -0.023029   -0.010919   -0.018670    0.016320   -0.021553    0.019883    0.024096    0.038892   -0.034614    0.049039   -0.038054    0.058062   -0.043727    0.024863    0.013512   -0.017567   -0.029295    0.000996    0.004600 
   0.016100    0.010262    0.016068   -0.024090    0.030419    0.036786    0.055976   -0.007457    0.006425   -0.014280    0.008890    0.017033    0.023605   -0.001470    0.010776    0.005000   -0.006388    0.023189   -0.028268    0.008607    0.031601   -0.006029    0.013094    0.013109   -0.008856 
   0.020619   -0.007947   -0.066992   -0.026609   -0.008581   -0.098595   -0.046109   -0.030099   -0.001820    0.019063   -0.021887   -0.004075   -0.002495   -0.015480   -0.014511   -0.036619    0.017091    0.001325   -0.011471    0.015183   -0.012423    0.012605   -0.016252   -0.033840   -0.004641 
   0.004603    0.044121    0.045543   -0.000873    0.064126   -0.019337    0.105999   -0.027947    0.014969   -0.030178    0.055829   -0.022485    0.011134   -0.006907    0.010098   -0.022709    0.006413    0.012470    0.077075    0.001062    0.015297    0.003753    0.026228   -0.001700   -0.033810 
  -0.029311   -0.034542    0.006427    0.016043   -0.014207    0.081493   -0.021821    0.021497   -0.033058   -0.001277   -0.002720    0.021710    0.006320   -0.011872    0.016894    0.003517   -0.017339    0.064987   -0.005071    0.014518    0.011993    0.005641    0.003076    0.022713   -0.001293 
   0.063420    0.033355   -0.011911    0.019547    0.005542   -0.064755    0.029602   -0.026811    0.011423   -0.054272   -0.011516    0.005744    0.003703    0.010376   -0.018065    0.018711    0.003143    0.044050    0.026336    0.032710    0.010325    0.017867   -0.001866   -0.035019   -0.027249 
  -0.006729    0.001542    0.019772   -0.000798   -0.000039    0.081572   -0.001754    0.016482   -0.009695   -0.002914    0.007210    0.006485    0.025780    0.026176   -0.005410   -0.018774    0.006784    0.025710    0.014575   -0.014458    0.031615   -0.021996    0.006250    0.006292    0.000209 
   0.008745    0.037353   -0.020009    0.023622    0.044311   -0.123706    0.022024   -0.006913    0.027107   -0.004039   -0.001866   -0.025421   -0.012985   -0.017305   -0.017259   -0.024984    0.001949   -0.025221   -0.019594    0.009210    0.018286    0.032343    0.027491   -0.017684   -0.015642 
   0.000136    0.009286    0.014615    0.008772    0.008674   -0.017744    0.041619    0.005799   -0.001399   -0.003083   -0.006307   -0.018299   -0.006284   -0.024028    0.012583   -0.010732   -0.001210   -0.029970   -0.015780    0.006073    0.000455    0.007005   -0.003437   -0.009426   -0.016068 
   0.006431   -0.020557   -0.007460   -0.028737   -0.012456    0.031544   -0.026550    0.002083   -0.025897   -0.015340   -0.012492    0.030053   -0.017899    0.039543   -0.014446    0.016649    0.001185    0.038021    0.044734   -0.014387    0.009478   -0.012151   -0.019569    0.006078   -0.012146 
   0.000976    0.033415    0.033006   -0.030091    0.057379    0.080117    0.083879   -0.002694   -0.001691    0.009546    0.033514   -0.023361    0.022869    0.020643    0.004860   -0.021786    0.024059    0.050088    0.058868    0.006353    0.022285    0.016760    0.050962    0.015247   -0.031756 
   0.014071    0.004033   -0.014630   -0.021789   -0.024637   -0.030174   -0.032172   -0.008755    0.011164   -0.020593   -0.012250   -0.036601   -0.018438    0.002333   -0.017106   -0.006111   -0.008781   -0.005457   -0.050551   -0.021056    0.008247   -0.003497   -0.021291   -0.003592    0.031040 
   0.003797    0.004485    0.019148    0.045721    0.000789   -0.025425    0.039924   -0.015643   -0.008092   -0.031330    0.013548   -0.043478   -0.050232   -0.024551    0.008701   -0.022500   -0.002131   -0.025707   -0.053346   -0.013328    0.008167    0.019355   -0.009373   -0.009385    0.001490 
  -0.010994   -0.005727    0.001607    0.012067    0.015326    0.003936    0.008839   -0.000584   -0.019652   -0.007481    0.018332   -0.000931    0.010157    0.010459    0.006702    0.010551    0.001669    0.014236    0.038028    0.008468    0.004313   -0.021465   -0.009600    0.001300   -0.006620 
  -0.013497   -0.001111    0.011679    0.020133   -0.006534    0.023663    0.006284    0.014546    0.012257   -0.014906    0.021559    0.006298   -0.021882   -0.001089    0.004757    0.009197    0.003466    0.002183    0.017073    0.003962    0.010212    0.010132    0.018744    0.024042    0.028396 
   0.017391   -0.001054   -0.007412    0.035070   -0.016853   -0.033002   -0.000363   -0.005054   -0.005043   -0.019538   -0.025605   -0.009787   -0.007288   -0.021443   -0.016564   -0.023636    0.013445   -0.026826   -0.093884   -0.000327    0.026448    0.041723   -0.000631   -0.025947   -0.007117 
   0.039397    0.017878   -0.015005    0.016945   -0.006760   -0.049845    0.005894   -0.027402   -0.011243   -0.021337   -0.036096   -0.007143    0.030054   -0.020442    0.021813   -0.041631    0.035236   -0.037569   -0.052959    0.033428    0.009265   -0.004788   -0.018764   -0.067759   -0.059122 
  -0.027395   -0.020679   -0.004908    0.026915    0.003565   -0.005932   -0.010688    0.009561   -0.015136   -0.017153    0.023423    0.021326    0.017384    0.016856    0.000871    0.047172   -0.028173   -0.016245    0.016148    0.007070    0.001977   -0.070097   -0.021700    0.014045    0.031414 
   0.013631   -0.003793   -0.022707    0.001991   -0.012475   -0.037171    0.011113   -0.003947   -0.022096   -0.023716   -0.002330   -0.024231   -0.033224    0.001050   -0.000917   -0.038418    0.010644   -0.011030    0.008397   -0.003948    0.017108    0.025032   -0.008429   -0.017561   -0.021260 
  -0.002603    0.032789    0.000202    0.000046    0.033599   -0.097811    0.034031   -0.005037    0.024594   -0.001925    0.025720   -0.016882   -0.021967   -0.014239    0.008789   -0.003489   -0.011378   -0.023922    0.082864    0.003107   -0.011280    0.000310    0.009933   -0.012459   -0.019332 
  -0.010156   -0.009215   -0.021464   -0.006477    0.001179   -0.081848   -0.041837   -0.031906    0.034416    0.027308   -0.011806    0.012139   -0.022983    0.022373   -0.007312   -0.014521    0.013483   -0.036221    0.045890   -0.032031   -0.016787   -0.007380   -0.024705   -0.017077    0.010173 
   0.016938    0.011979    0.006060   -0.028304    0.018960    0.024989    0.020405   -0.002683    0.014914   -0.010965   -0.007541   -0.011363    0.003989    0.032753   -0.028061    0.032810   -0.038069    0.058722   -0.015408   -0.004716    0.033608    0.021793   -0.001177    0.025717   -0.004277 
  -0.005045   -0.018541    0.007472    0.013202   -0.025042    0.073612   -0.023029    0.017363   -0.008047   -0.022437   -0.021924    0.009639    0.024409    0.016187   -0.010702    0.022519    0.000549    0.021294   -0.062890   -0.002302    0.023106    0.011811   -0.001928    0.011477    0.027729 
   0.014148   -0.021899   -0.039267   -0.009054   -0.056225   -0.034866   -0.104018    0.017693   -0.029768   -0.000699   -0.065071    0.000723   -0.030374    0.014206    0.000653    0.001304   -0.011513    0.009275   -0.047337   -0.001737   -0.018642    0.017062   -0.035443   -0.020695   -0.007564 
   0.019158    0.030065    0.003342   -0.024322    0.018859   -0.020995    0.004660    0.000348    0.020081    0.026606   -0.005030   -0.009941    0.016563    0.007207    0.000693    0.001662   -0.004117    0.010256   -0.019385    0.012785    0.032417    0.022237    0.002763   -0.010433   -0.006014 
  -0.009008   -0.007017    0.004569    0.006114   -0.000898    0.027063   -0.015775   -0.002475    0.009669    0.032740    0.000393    0.009836    0.024738    0.011030   -0.017527    0.016467   -0.004523    0.044344    0.025012    0.016448   -0.008501    0.021392   -0.003632   -0.000221   -0.009711 
   0.028175    0.006213   -0.022802    0.011505    0.006668   -0.067438    0.008692   -0.026731    0.009141   -0.017818   -0.019404   -0.001475    0.002080    0.005555   -0.012166   -0.003047    0.004240   -0.036585   -0.014604    0.002739   -0.025533   -0.000384   -0.020222   -0.020952   -0.005746 
  -0.004537   -0.023034   -0.003069   -0.005244   -0.034468    0.022468   -0.036265   -0.002381   -0.020048    0.004385   -0.038998    0.005106    0.005620    0.009842   -0.036723    0.047662   -0.036249    0.034323   -0.102234    0.022122    0.005162    0.004369   -0.030944    0.001456    0.019362 
   0.008368   -0.008494   -0.025409    0.018151   -0.007304   -0.055696   -0.009715   -0.008531   -0.006644   -0.003013    0.009154    0.008186   -0.041078    0.005910   -0.004587    0.017461   -0.007831    0.025965    0.051873    0.003107   -0.020976    0.004001    0.004801    0.013894    0.017092 
  -0.025905   -0.019109   -0.009353   -0.004179   -0.013712    0.036576   -0.030299    0.018946    0.011036   -0.001987   -0.017030    0.002585   -0.025555   -0.006164   -0.018474    0.030925   -0.007082   -0.022226   -0.017650   -0.039101   -0.010605   -0.018611   -0.003870    0.031588    0.034614 
   0.011517   -0.007309   -0.020042    0.006780   -0.026815   -0.038734   -0.047596   -0.001778   -0.000831   -0.002557   -0.031882    0.001665   -0.008705    0.015454   -0.027542    0.028629   -0.011136    0.005140   -0.009316   -0.006825   -0.016861   -0.006180   -0.015108   -0.009616    0.004112 
   0.009840    0.026243    0.013154    0.031032    0.039587   -0.077915    0.039185   -0.027217    0.052389   -0.018798    0.027509   -0.017869   -0.007269   -0.015573    0.008540   -0.014789    0.017943   -0.019566    0.015341    0.018815    0.001078    0.011219    0.004617   -0.021548   -0.023438 
   0.015897   -0.000758   -0.003498    0.031840   -0.023855   -0.039701    0.002259   -0.016702   -0.008689   -0.008721   -0.017756   -0.028387   -0.025616   -0.006118   -0.000513   -0.031659    0.005356   -0.034638   -0.011608   -0.035553   -0.020045    0.012226   -0.006332   -0.026235   -0.020639 
